steps,time,reward,delta,converged
1,0.03585299999986091,-7.323353293413174,0,False
2,0.035292000000026746,-8.113772455089821,0,False
3,0.02024899999992158,-6.125925925925926,100.00037536671077,False
4,0.007816000000048007,-4.456140350877193,100.00037536671077,False
5,0.015361999999868203,-3.106951871657754,100.00037536671077,False
6,0.004042999999910535,1.9705882352941178,100.00037536671077,False
7,0.008986999999933687,-5.650943396226415,100.00037536671077,False
8,0.0027609999999640422,-5.9,100.00037536671077,False
9,0.007595000000037544,-4.862745098039215,100.00037536671077,False
10,0.0033140000000457803,-3.0208333333333335,100.00037536671077,False
11,0.006135999999969499,-7.5777777777777775,100.00037536671077,False
12,0.0055179999999381835,-4.782051282051282,100.00037536671077,False
13,0.009409000000005108,-7.838461538461538,100.00037536671077,False
14,0.001399999999875945,4.315789473684211,100.00037536671077,False
15,0.006245000000035361,-5.377777777777778,100.00037536671077,False
16,0.0017960000000130094,2.8846153846153846,100.00037536671077,False
17,0.002686000000039712,1.5897435897435896,100.00037536671077,False
18,0.0016610000000127911,3.2083333333333335,100.00037536671077,False
19,0.009655000000066138,-5.935714285714286,100.00037536671077,False
20,0.003164999999853535,-5.260869565217392,100.00037536671077,False
21,0.004310999999916021,-4.111111111111111,100.00037536671077,False
22,0.004846999999926993,-7.943661971830986,100.00037536671077,False
23,0.003060999999888736,-3.255813953488372,100.00037536671077,False
24,0.002003000000058819,2.740740740740741,100.00037536671077,False
25,0.00560300000006464,-2.5901639344262297,100.00037536671077,False
26,0.001191999999946347,-0.8823529411764706,100.00037536671077,False
27,0.0024030000001857843,-3.7714285714285714,100.00037536671077,False
28,0.006057999999939057,-5.426966292134831,100.00037536671077,False
29,0.002731000000039785,-0.95,100.00037536671077,False
30,0.0021099999999023566,-0.9354838709677419,100.00037536671077,False
31,0.0032269999999243737,-0.9574468085106383,100.00037536671077,False
32,0.0027840000000196596,-0.9512195121951219,100.00037536671077,False
33,0.0031089999999949214,-0.9565217391304348,100.00037536671077,False
34,0.005756999999903201,-4.470588235294118,100.00037536671077,False
35,0.0029169999997975538,-0.9534883720930233,100.00037536671077,False
36,0.01517599999988306,-5.552995391705069,100.00037536671077,False
37,0.00895700000000943,-5.933333333333334,100.00037536671077,False
38,0.0019420000000991422,2.607142857142857,100.00037536671077,False
39,0.011870999999928245,-5.647058823529412,100.00037536671077,False
40,0.001587999999856038,3.391304347826087,100.00037536671077,False
41,0.0025859999998374406,-3.5526315789473686,100.00037536671077,False
42,0.001109000000042215,5.3125,100.00037536671077,False
43,0.0027149999998528074,-0.9473684210526315,100.00037536671077,False
44,0.0035490000000208966,-2.8653846153846154,100.00037536671077,False
45,0.0021879999999327993,2.3666666666666667,100.00037536671077,False
46,0.0010419999998703133,5.733333333333333,100.00037536671077,False
47,0.003572000000076514,-2.979591836734694,100.00037536671077,False
48,0.0013429999999061693,4.9411764705882355,100.00037536671077,False
49,0.0012449999999262218,5.3125,100.00037536671077,False
50,0.0013460000000122818,4.9411764705882355,100.00037536671077,False
51,0.0027549999999791908,-3.7714285714285714,100.00037536671077,False
52,0.001393000000007305,4.05,100.00037536671077,False
53,0.0044889999999213615,-2.515625,100.00037536671077,False
54,0.0017209999998613057,-0.92,100.00037536671077,False
55,0.0016349999998510611,3.590909090909091,100.00037536671077,False
56,0.007085000000188302,-6.92,100.00037536671077,False
57,0.001383999999916341,-0.8947368421052632,100.00037536671077,False
58,0.0026670000002013694,-0.9473684210526315,100.00037536671077,False
59,0.006049000000075466,-7.1625,100.00037536671077,False
60,0.005046999999876789,-3.8823529411764706,100.00037536671077,False
61,0.006305999999995038,-3.3333333333333335,100.00037536671077,False
62,0.006818000000066604,-3.45,100.00037536671077,False
63,0.0037950000000819273,-2.7962962962962963,100.00037536671077,False
64,0.001323000000184038,4.315789473684211,100.00037536671077,False
65,0.003525999999965279,-2.94,100.00037536671077,False
66,0.0015659999999115826,3.391304347826087,100.00037536671077,False
67,0.001702000000022963,3.391304347826087,100.00037536671077,False
68,0.0018230000000585278,3.2083333333333335,100.00037536671077,False
69,0.004946000000018103,-3.9696969696969697,100.00037536671077,False
70,0.005094000000099186,-6.628571428571429,100.00037536671077,False
71,0.00327900000002046,-3.2045454545454546,100.00037536671077,False
72,0.0016610000000127911,-0.9090909090909091,100.00037536671077,False
73,0.0018760000000384025,3.2083333333333335,100.00037536671077,False
74,0.002868999999918742,-0.9523809523809523,100.00037536671077,False
75,0.003355000000055952,-2.979591836734694,100.00037536671077,False
76,0.0015830000002097222,3.391304347826087,100.00037536671077,False
77,0.001667999999881431,3.2083333333333335,100.00037536671077,False
78,0.0010389999999915744,5.733333333333333,100.00037536671077,False
79,0.0010399999998753628,5.733333333333333,100.00037536671077,False
80,0.002252999999882377,-0.9393939393939394,100.00037536671077,False
81,0.004615999999941778,-8.35820895522388,100.00037536671077,False
82,0.002462999999806925,-0.9444444444444444,100.00037536671077,False
83,0.0025250000001051376,-0.9459459459459459,100.00037536671077,False
84,0.004285999999865453,-5.682539682539683,100.00037536671077,False
85,0.0026489999997920677,-0.9487179487179487,100.00037536671077,False
86,0.001239000000168744,4.611111111111111,100.00037536671077,False
87,0.0014439999999922293,3.8095238095238093,100.00037536671077,False
88,0.0011059999999361025,5.3125,100.00037536671077,False
89,0.004817000000002736,-3.76056338028169,100.00037536671077,False
90,0.0023809999997865816,-0.9428571428571428,100.00037536671077,False
91,0.0015830000002097222,3.391304347826087,100.00037536671077,False
92,0.0034009999999398133,-2.94,100.00037536671077,False
93,0.0024620000001505105,-0.9444444444444444,100.00037536671077,False
94,0.001115999999910855,5.3125,100.00037536671077,False
95,0.0011759999999867432,4.9411764705882355,100.00037536671077,False
96,0.0012389999999413703,4.611111111111111,100.00037536671077,False
97,0.0017180000002099405,-0.92,100.00037536671077,False
98,0.0027749999999286956,-3.3658536585365852,100.00037536671077,False
99,0.0014280000000326254,4.315789473684211,100.00037536671077,False
100,0.00211699999999837,-0.9354838709677419,100.00037536671077,False
101,0.003032000000075641,-0.9534883720930233,100.00037536671077,False
102,0.00225799999998344,-0.9393939393939394,100.00037536671077,False
103,0.00490100000001803,-3.7222222222222223,100.00037536671077,False
104,0.005090000000109285,-4.933333333333334,100.00037536671077,False
105,0.006233999999949447,-2.0543478260869565,100.00037536671077,False
106,0.0012399999998251587,4.611111111111111,100.00037536671077,False
107,0.001040999999986525,5.733333333333333,100.00037536671077,False
108,0.0016520000001492008,-0.9166666666666666,100.00037536671077,False
109,0.0029890000000705186,-0.9545454545454546,100.00037536671077,False
110,0.0011709999998856802,4.9411764705882355,100.00037536671077,False
111,0.003307999999833555,-7.020408163265306,100.00037536671077,False
112,0.001375999999936539,4.05,100.00037536671077,False
113,0.0011669999998957792,4.9411764705882355,100.00037536671077,False
114,0.0043100000000322325,-2.5396825396825395,100.00037536671077,False
115,0.003214999999954671,-0.95,100.00037536671077,False
116,0.0012549999999009742,4.611111111111111,100.00037536671077,False
117,0.0011779999999816937,4.9411764705882355,100.00037536671077,False
118,0.0013249999999516149,4.315789473684211,100.00037536671077,False
119,0.00233299999990777,-0.9411764705882353,100.00037536671077,False
120,0.0014640000001691078,-0.9,100.00037536671077,False
121,0.0033969999999499123,-2.979591836734694,100.00037536671077,False
122,0.0013120000000981236,4.315789473684211,100.00037536671077,False
123,0.001107999999931053,5.3125,100.00037536671077,False
124,0.0015120000000479195,-0.9090909090909091,100.00037536671077,False
125,0.0015200000000277214,3.590909090909091,100.00037536671077,False
126,0.003408000000035827,-0.96,100.00037536671077,False
127,0.008529000000180531,-4.912698412698413,100.00037536671077,False
128,0.001040999999986525,5.733333333333333,100.00037536671077,False
129,0.0010389999999915744,5.733333333333333,100.00037536671077,False
130,0.0013109999999869615,4.315789473684211,100.00037536671077,False
131,0.0012460000000373839,4.611111111111111,100.00037536671077,False
132,0.004177000000026965,-4.213114754098361,100.00037536671077,False
133,0.0021189999999933207,-7.32258064516129,100.00037536671077,False
134,0.002787000000125772,-0.9512195121951219,100.00037536671077,False
135,0.0010359999998854619,5.733333333333333,100.00037536671077,False
136,0.0012910000000374566,4.611111111111111,100.00037536671077,False
137,0.001222000000097978,4.9411764705882355,100.00037536671077,False
138,0.002330000000029031,-0.9411764705882353,100.00037536671077,False
139,0.0035949999999047577,-0.9583333333333334,100.00037536671077,False
140,0.003913999999895168,-2.7017543859649122,100.00037536671077,False
141,0.0020050000000537693,2.4827586206896552,100.00037536671077,False
142,0.0016640000001189037,-0.9166666666666666,100.00037536671077,False
143,0.002468000000135362,-0.9444444444444444,100.00037536671077,False
144,0.005118000000038592,-3.76056338028169,100.00037536671077,False
145,0.0013329999999314168,4.315789473684211,100.00037536671077,False
146,0.0034229999998842686,-2.94,100.00037536671077,False
147,0.003141000000141503,-0.95,100.00037536671077,False
148,0.002690000000029613,-0.9487179487179487,100.00037536671077,False
149,0.0011110000000371656,5.3125,100.00037536671077,False
150,0.0013809999998102285,4.05,100.00037536671077,False
151,0.0010440000000926375,5.733333333333333,100.00037536671077,False
152,0.001794000000018059,2.8846153846153846,100.00037536671077,False
153,0.001784999999927095,2.8846153846153846,100.00037536671077,False
154,0.0026720000000750588,-3.4871794871794872,100.00037536671077,False
155,0.0014189999999416614,4.315789473684211,100.00037536671077,False
156,0.005801000000019485,-2.4057971014492754,100.00037536671077,False
157,0.0010569999999461288,5.733333333333333,100.00037536671077,False
158,0.0014529999998558196,3.8095238095238093,100.00037536671077,False
159,0.0012530000001333974,4.611111111111111,100.00037536671077,False
160,0.0010609999999360298,5.733333333333333,100.00037536671077,False
161,0.001668999999992593,3.2083333333333335,100.00037536671077,False
162,0.0019959999999628053,-0.9310344827586207,100.00037536671077,False
163,0.0012449999999262218,4.611111111111111,100.00037536671077,False
164,0.0014400000000023283,3.8095238095238093,100.00037536671077,False
165,0.0015089999999418069,-5.409090909090909,100.00037536671077,False
166,0.0014360000000124273,3.8095238095238093,100.00037536671077,False
167,0.0020480000000588916,-0.9333333333333333,100.00037536671077,False
168,0.001109000000042215,5.3125,100.00037536671077,False
169,0.004081000000041968,-2.6166666666666667,100.00037536671077,False
170,0.0016499999999268766,3.2083333333333335,100.00037536671077,False
171,0.002046000000063941,-4.233333333333333,100.00037536671077,False
172,0.001316999999971813,4.315789473684211,100.00037536671077,False
173,0.003275000000030559,-0.9565217391304348,100.00037536671077,False
174,0.003016000000116037,-0.9545454545454546,100.00037536671077,False
175,0.0023240000000441796,-0.9411764705882353,100.00037536671077,False
176,0.0012429999999312713,4.611111111111111,100.00037536671077,False
177,0.0013160000000880245,4.315789473684211,100.00037536671077,False
178,0.006475999999793203,-6.189473684210526,100.00037536671077,False
179,0.0014519999999720312,3.8095238095238093,100.00037536671077,False
180,0.0011939999999412976,4.9411764705882355,100.00037536671077,False
181,0.0011110000000371656,5.3125,100.00037536671077,False
182,0.0031289999999444262,-3.108695652173913,100.00037536671077,False
183,0.00211699999999837,-0.9354838709677419,100.00037536671077,False
184,0.0029090000000451255,-0.9523809523809523,100.00037536671077,False
185,0.0017170000000987784,3.04,100.00037536671077,False
186,0.0013059999998858984,4.315789473684211,100.00037536671077,False
187,0.002743000000009488,-0.95,100.00037536671077,False
188,0.0015829999999823485,3.391304347826087,100.00037536671077,False
189,0.0015889999999672,-0.9130434782608695,100.00037536671077,False
190,0.0014479999999821302,-0.9047619047619048,100.00037536671077,False
191,0.0012409999999363208,4.611111111111111,100.00037536671077,False
192,0.0019369999999980791,2.740740740740741,100.00037536671077,False
193,0.0014939999998659914,5.3125,100.00037536671077,False
194,0.0012460000000373839,-0.8823529411764706,100.00037536671077,False
195,0.002130000000079235,-0.9333333333333333,100.00037536671077,False
196,0.0011799999999766442,4.9411764705882355,100.00037536671077,False
197,0.0011719999999968422,4.9411764705882355,100.00037536671077,False
198,0.0013450000001284934,4.315789473684211,100.00037536671077,False
199,0.0014489999998659187,3.8095238095238093,100.00037536671077,False
200,0.0019970000000739674,-0.9310344827586207,100.00037536671077,False
201,0.0011890000000676082,5.733333333333333,100.00037536671077,False
202,0.0012229999999817665,5.3125,100.00037536671077,False
203,0.002637999999933527,-0.9333333333333333,100.00037536671077,False
204,0.0013319999998202547,4.315789473684211,100.00037536671077,False
205,0.001312999999981912,4.315789473684211,100.00037536671077,False
206,0.0032679999999345455,-0.9574468085106383,100.00037536671077,False
207,0.001287999999931344,4.9411764705882355,100.00037536671077,False
208,0.0014599999999518332,5.733333333333333,100.00037536671077,False
209,0.0012359999998352578,5.733333333333333,100.00037536671077,False
210,0.0014249999999265128,4.315789473684211,100.00037536671077,False
211,0.0015280000000075233,3.590909090909091,100.00037536671077,False
212,0.0013149999999768625,4.315789473684211,100.00037536671077,False
213,0.002672999999958847,-0.9487179487179487,100.00037536671077,False
214,0.0013779999999314896,-0.9,100.00037536671077,False
215,0.0011080000001584267,5.3125,100.00037536671077,False
216,0.0013369999999213178,4.315789473684211,100.00037536671077,False
217,0.002553999999918233,-0.9411764705882353,100.00037536671077,False
218,0.0014780000001337612,4.05,100.00037536671077,False
219,0.0010509999999612774,5.733333333333333,100.00037536671077,False
220,0.003012000000126136,-0.9534883720930233,100.00037536671077,False
221,0.0029449999999542342,-0.9534883720930233,100.00037536671077,False
222,0.001772999999957392,4.9411764705882355,100.00037536671077,False
223,0.0010990000000674627,5.733333333333333,100.00037536671077,False
224,0.001665000000002692,-0.9166666666666666,100.00037536671077,False
225,0.0010469999999713764,5.733333333333333,100.00037536671077,False
226,0.0013120000000981236,4.315789473684211,100.00037536671077,False
227,0.0011110000000371656,5.3125,100.00037536671077,False
228,0.0010399999998753628,5.733333333333333,100.00037536671077,False
229,0.006405999999969936,-4.470588235294118,100.00037536671077,False
230,0.0015220000000226719,4.9411764705882355,100.00037536671077,False
231,0.003617999999960375,-2.830188679245283,100.00037536671077,False
232,0.0012440000000424334,4.611111111111111,100.00037536671077,False
233,0.0014490000000932923,3.8095238095238093,100.00037536671077,False
234,0.002641999999923428,-0.9487179487179487,100.00037536671077,False
235,0.0011750000001029548,4.9411764705882355,100.00037536671077,False
236,0.0012419999998201092,4.611111111111111,100.00037536671077,False
237,0.0011060000001634762,5.3125,100.00037536671077,False
238,0.001283999999941443,4.611111111111111,100.00037536671077,False
239,0.0010490000001937005,5.733333333333333,100.00037536671077,False
240,0.0012499999997999112,4.611111111111111,100.00037536671077,False
241,0.001109000000042215,5.3125,100.00037536671077,False
242,0.001040999999986525,5.733333333333333,100.00037536671077,False
243,0.001109000000042215,5.3125,100.00037536671077,False
244,0.0012450000001535955,4.611111111111111,100.00037536671077,False
245,0.001510000000052969,3.590909090909091,100.00037536671077,False
246,0.001113000000032116,5.3125,100.00037536671077,False
247,0.0015740000001187582,3.391304347826087,100.00037536671077,False
248,0.002655000000004293,-3.4871794871794872,100.00037536671077,False
249,0.0012139999998908024,4.9411764705882355,100.00037536671077,False
250,0.0021799999999529973,-0.9375,100.00037536671077,False
251,0.001668999999992593,3.391304347826087,100.00037536671077,False
252,0.0025239999999939755,-0.9459459459459459,100.00037536671077,False
253,0.0012409999999363208,4.611111111111111,100.00037536671077,False
254,0.001220999999986816,5.733333333333333,100.00037536671077,False
255,0.002164999999877182,-0.9310344827586207,100.00037536671077,False
256,0.0013290000001688895,4.315789473684211,100.00037536671077,False
257,0.002731000000039785,-0.95,100.00037536671077,False
258,0.0010459999998602143,5.733333333333333,100.00037536671077,False
259,0.001046000000087588,5.733333333333333,100.00037536671077,False
260,0.00137999999992644,4.05,100.00037536671077,False
261,0.0010980000001836743,5.3125,100.00037536671077,False
262,0.0013719999999466381,4.05,100.00037536671077,False
263,0.0015089999999418069,3.8095238095238093,100.00037536671077,False
264,0.0017749999999523425,3.391304347826087,100.00037536671077,False
265,0.0017709999999624415,3.391304347826087,100.00037536671077,False
266,0.0011969999998200365,4.9411764705882355,100.00037536671077,False
267,0.0012440000000424334,4.611111111111111,100.00037536671077,False
268,0.002463000000034299,-0.9444444444444444,100.00037536671077,False
269,0.0010429999999814754,5.733333333333333,100.00037536671077,False
270,0.0038010000000667787,-2.732142857142857,100.00037536671077,False
271,0.0018539999998665735,-0.9259259259259259,100.00037536671077,False
272,0.0032599999999547435,-3.0208333333333335,100.00037536671077,False
273,0.0011700000000018917,4.9411764705882355,100.00037536671077,False
274,0.0015569999998206185,4.315789473684211,100.00037536671077,False
275,0.0015810000002147717,4.315789473684211,100.00037536671077,False
276,0.0011139999999159045,5.3125,100.00037536671077,False
277,0.001502000000073167,4.611111111111111,100.00037536671077,False
278,0.0015369999998711137,4.611111111111111,100.00037536671077,False
279,0.001382999999805179,5.733333333333333,100.00037536671077,False
280,0.0017379999999320717,4.05,100.00037536671077,False
281,0.0024679999999079882,-0.9354838709677419,100.00037536671077,False
282,0.0019050000000788714,3.8095238095238093,100.00037536671077,False
283,0.0013360000000375294,5.3125,100.00037536671077,False
284,0.0015160000000378204,4.05,100.00037536671077,False
285,0.001307999999880849,4.9411764705882355,100.00037536671077,False
286,0.0016149999999015563,3.8095238095238093,100.00037536671077,False
287,0.0015399999999772263,4.05,100.00037536671077,False
288,0.0016770000001997687,3.8095238095238093,100.00037536671077,False
289,0.0026930000001357257,-0.9487179487179487,100.00037536671077,False
290,0.0026749999999537977,-0.9487179487179487,100.00037536671077,False
291,0.0015690000000176951,5.3125,100.00037536671077,False
292,0.002447000000074695,-0.9428571428571428,100.00037536671077,False
293,0.001194999999825086,4.9411764705882355,100.00037536671077,False
294,0.003175000000055661,-0.9565217391304348,100.00037536671077,False
295,0.0012560000000121363,-0.8888888888888888,100.00037536671077,False
296,0.001389000000017404,4.05,100.00037536671077,False
297,0.0011230000000068685,5.3125,100.00037536671077,False
298,0.0021360000000640866,-0.9333333333333333,100.00037536671077,False
299,0.0010529999999562278,5.733333333333333,100.00037536671077,False
300,0.0010469999999713764,5.733333333333333,100.00037536671077,False
301,0.001186999999845284,5.733333333333333,100.00037536671077,False
302,0.0011779999999816937,5.733333333333333,100.00037536671077,False
303,0.0011700000000018917,5.733333333333333,100.00037536671077,False
304,0.0016129999999066058,3.8095238095238093,100.00037536671077,False
305,0.0010819999999966967,5.733333333333333,100.00037536671077,False
306,0.0014349999999012653,4.9411764705882355,100.00037536671077,False
307,0.001191999999946347,5.733333333333333,100.00037536671077,False
308,0.001055000000178552,5.733333333333333,100.00037536671077,False
309,0.0013359999998101557,4.315789473684211,100.00037536671077,False
310,0.002072999999882086,-0.9333333333333333,100.00037536671077,False
311,0.0011870000000726577,4.9411764705882355,100.00037536671077,False
312,0.0010480000000825385,5.733333333333333,100.00037536671077,False
313,0.0022689999998419808,-0.9393939393939394,100.00037536671077,False
314,0.001044999999976426,5.733333333333333,100.00037536671077,False
315,0.0011150000000270666,5.3125,100.00037536671077,False
316,0.0014479999999821302,3.8095238095238093,100.00037536671077,False
317,0.0010520000000724394,5.733333333333333,100.00037536671077,False
318,0.0011230000000068685,5.3125,100.00037536671077,False
319,0.0012060000001383742,4.9411764705882355,100.00037536671077,False
320,0.002668000000085158,-3.4871794871794872,100.00037536671077,False
321,0.001119999999900756,5.3125,100.00037536671077,False
322,0.0013779999999314896,4.05,100.00037536671077,False
323,0.0011110000000371656,5.3125,100.00037536671077,False
324,0.0013819999999213906,4.05,100.00037536671077,False
325,0.0013480000000072323,5.3125,100.00037536671077,False
326,0.001334000000042579,4.315789473684211,100.00037536671077,False
327,0.0013980000001083681,4.611111111111111,100.00037536671077,False
328,0.0012779999999565916,4.9411764705882355,100.00037536671077,False
329,0.0010830000001078588,5.733333333333333,100.00037536671077,False
330,0.00130500000000211,4.9411764705882355,100.00037536671077,False
331,0.001868999999942389,4.9411764705882355,100.00037536671077,False
332,0.0018499999998766725,4.9411764705882355,100.00037536671077,False
333,0.004435000000057698,-0.96,100.00037536671077,False
334,0.004853000000139218,-2.732142857142857,100.00037536671077,False
335,0.0032470000001012522,-3.2045454545454546,100.00037536671077,False
336,0.0010599999998248677,5.733333333333333,100.00037536671077,False
337,0.0028750000001309672,-0.9473684210526315,100.00037536671077,False
338,0.0010509999999612774,5.733333333333333,100.00037536671077,False
339,0.0011850000000777072,4.9411764705882355,100.00037536671077,False
340,0.0011739999999917927,4.9411764705882355,100.00037536671077,False
341,0.0011689999998907297,4.9411764705882355,100.00037536671077,False
342,0.0022010000000136642,-0.9333333333333333,100.00037536671077,False
343,0.0011219999998957064,5.733333333333333,100.00037536671077,False
344,0.001297000000022308,4.611111111111111,100.00037536671077,False
345,0.001320999999961714,4.9411764705882355,100.00037536671077,False
346,0.0024740000001202134,-0.9393939393939394,100.00037536671077,False
347,0.003448999999818625,-3.0638297872340425,100.00037536671077,False
348,0.0011770000000979053,5.733333333333333,100.00037536671077,False
349,0.00112200000012308,5.3125,100.00037536671077,False
350,0.001694000000043161,4.611111111111111,100.00037536671077,False
351,0.0012850000000526052,5.3125,100.00037536671077,False
352,0.0015950000001794251,3.391304347826087,100.00037536671077,False
353,0.0010439999998652638,5.733333333333333,100.00037536671077,False
354,0.0012560000000121363,5.3125,100.00037536671077,False
355,0.00327200000015182,-3.255813953488372,100.00037536671077,False
356,0.0010469999999713764,5.733333333333333,100.00037536671077,False
357,0.0013099999998757994,4.315789473684211,100.00037536671077,False
358,0.001242000000047483,4.611111111111111,100.00037536671077,False
359,0.003478999999970256,-0.9565217391304348,100.00037536671077,False
360,0.0010610000001634035,5.733333333333333,100.00037536671077,False
361,0.0010789999998905841,5.733333333333333,100.00037536671077,False
362,0.002695000000130676,-0.9428571428571428,100.00037536671077,False
363,0.0012719999999717402,4.9411764705882355,100.00037536671077,False
364,0.0012569999998959247,4.611111111111111,100.00037536671077,False
365,0.001576999999997497,4.9411764705882355,100.00037536671077,False
366,0.0014029999999820575,4.05,100.00037536671077,False
367,0.0010480000000825385,5.733333333333333,100.00037536671077,False
368,0.0013210000001890876,4.315789473684211,100.00037536671077,False
369,0.0014019999998708954,4.9411764705882355,100.00037536671077,False
370,0.0011689999998907297,5.733333333333333,100.00037536671077,False
371,0.0015499999999519787,4.05,100.00037536671077,False
372,0.0013719999999466381,4.611111111111111,100.00037536671077,False
373,0.0018400000001292938,2.740740740740741,100.00037536671077,False
374,0.0013069999999970605,4.315789473684211,100.00037536671077,False
375,0.0019169999998212006,-0.9285714285714286,100.00037536671077,False
376,0.0013210000001890876,4.9411764705882355,100.00037536671077,False
377,0.0011680000000069413,5.733333333333333,100.00037536671077,False
378,0.0011480000000574364,5.3125,100.00037536671077,False
379,0.0019480000000839937,-0.9259259259259259,100.00037536671077,False
380,0.0010429999999814754,5.733333333333333,100.00037536671077,False
381,0.0011890000000676082,4.9411764705882355,100.00037536671077,False
382,0.001115999999910855,5.3125,100.00037536671077,False
383,0.0011790000000928558,4.9411764705882355,100.00037536671077,False
384,0.002600999999913256,-0.9473684210526315,100.00037536671077,False
385,0.002476000000115164,-3.9393939393939394,100.00037536671077,False
386,0.0010609999999360298,5.733333333333333,100.00037536671077,False
387,0.004482000000052722,-0.9655172413793104,100.00037536671077,False
388,0.002909999999928914,-0.9487179487179487,100.00037536671077,False
389,0.0010549999999511783,5.733333333333333,100.00037536671077,False
390,0.001389000000017404,4.05,100.00037536671077,False
391,0.001113000000032116,5.3125,100.00037536671077,False
392,0.0010399999998753628,5.733333333333333,100.00037536671077,False
393,0.0011139999999159045,-0.875,100.00037536671077,False
394,0.0011910000000625587,4.9411764705882355,100.00037536671077,False
395,0.001322000000072876,4.315789473684211,100.00037536671077,False
396,0.001318000000082975,4.315789473684211,100.00037536671077,False
397,0.0021360000000640866,-0.9354838709677419,100.00037536671077,False
398,0.0010440000000926375,5.733333333333333,100.00037536671077,False
399,0.0019869999998718413,-0.9310344827586207,100.00037536671077,False
400,0.0011570000001484004,5.733333333333333,100.00037536671077,False
401,0.0024450000000797445,-0.9375,100.00037536671077,False
402,0.0011649999999008287,5.733333333333333,100.00037536671077,False
403,0.0011729999998806306,5.733333333333333,100.00037536671077,False
404,0.0014699999999265856,4.315789473684211,100.00037536671077,False
405,0.0011719999999968422,5.733333333333333,100.00037536671077,False
406,0.001307999999880849,4.9411764705882355,100.00037536671077,False
407,0.0011509999999361753,5.3125,100.00037536671077,False
408,0.0023179999998319545,-0.9411764705882353,100.00037536671077,False
409,0.0023719999999229913,-0.9428571428571428,100.00037536671077,False
410,0.0011729999998806306,4.9411764705882355,100.00037536671077,False
411,0.0011779999999816937,4.9411764705882355,100.00037536671077,False
412,0.0019119999999475112,-0.9285714285714286,100.00037536671077,False
413,0.001046000000087588,5.733333333333333,100.00037536671077,False
414,0.003685000000132277,-0.9545454545454546,100.00037536671077,False
415,0.001050000000077489,5.733333333333333,100.00037536671077,False
416,0.0010390000002189481,5.733333333333333,100.00037536671077,False
417,0.001040999999986525,5.733333333333333,100.00037536671077,False
418,0.0011799999999766442,4.9411764705882355,100.00037536671077,False
419,0.0022519999999985885,-0.9354838709677419,100.00037536671077,False
420,0.001307999999880849,4.9411764705882355,100.00037536671077,False
421,0.0014619999999467836,3.8095238095238093,100.00037536671077,False
422,0.0011870000000726577,4.9411764705882355,100.00037536671077,False
423,0.0031759999999394495,4.9411764705882355,100.00037536671077,False
424,0.003944000000046799,4.611111111111111,100.00037536671077,False
425,0.001211999999895852,4.9411764705882355,100.00037536671077,False
426,0.0010549999999511783,5.733333333333333,100.00037536671077,False
427,0.0011839999999665451,4.9411764705882355,100.00037536671077,False
428,0.0011879999999564461,4.9411764705882355,100.00037536671077,False
429,0.001115999999910855,5.3125,100.00037536671077,False
430,0.0013690000000678992,4.315789473684211,100.00037536671077,False
431,0.0020509999999376305,5.733333333333333,100.00037536671077,False
432,0.009215000000040163,-3.2045454545454546,100.00037536671077,False
433,0.0011680000000069413,5.733333333333333,100.00037536671077,False
434,0.0010639999998147687,5.733333333333333,100.00037536671077,False
435,0.009251000000176646,-0.9574468085106383,100.00037536671077,False
436,0.0034700000001066655,3.8095238095238093,100.00037536671077,False
437,0.0015039999998407438,5.733333333333333,100.00037536671077,False
438,0.0013819999999213906,4.315789473684211,100.00037536671077,False
439,0.002349999999978536,4.315789473684211,100.00037536671077,False
440,0.006310999999868727,4.05,100.00037536671077,False
441,0.004005999999890264,5.3125,100.00037536671077,False
442,0.0019589999999425345,4.9411764705882355,100.00037536671077,False
443,0.0037529999999605934,5.733333333333333,100.00037536671077,False
444,0.004271000000017011,5.733333333333333,100.00037536671077,False
445,0.0029090000000451255,5.733333333333333,100.00037536671077,False
446,0.0023020000000997243,3.8095238095238093,100.00037536671077,False
447,0.003688000000011016,5.733333333333333,100.00037536671077,False
448,0.0035490000000208966,5.733333333333333,100.00037536671077,False
449,0.004112000000077387,5.733333333333333,100.00037536671077,False
450,0.0035300000001825538,5.733333333333333,100.00037536671077,False
451,0.004570999999941705,4.611111111111111,100.00037536671077,False
452,0.006955999999945561,-0.9428571428571428,100.00037536671077,False
453,0.005623999999897933,-0.9310344827586207,100.00037536671077,False
454,0.0031810000000405125,5.3125,100.00037536671077,False
455,0.0029289999999946303,5.733333333333333,100.00037536671077,False
456,0.0035860000000411674,4.9411764705882355,100.00037536671077,False
457,0.002944000000070446,5.733333333333333,100.00037536671077,False
458,0.003191000000015265,5.3125,100.00037536671077,False
459,0.004265999999915948,4.05,100.00037536671077,False
460,0.0036229999998340645,5.3125,100.00037536671077,False
461,0.0035190000000966393,4.9411764705882355,100.00037536671077,False
462,0.007984999999962383,-0.9473684210526315,100.00037536671077,False
463,0.004075000000057116,4.9411764705882355,100.00037536671077,False
464,0.00398999999993066,4.9411764705882355,100.00037536671077,False
465,0.003601000000116983,5.733333333333333,100.00037536671077,False
466,0.003700999999864507,4.611111111111111,100.00037536671077,False
467,0.003863999999794032,4.611111111111111,100.00037536671077,False
468,0.004236999999875479,4.05,100.00037536671077,False
469,0.0053699999998571,-0.9259259259259259,100.00037536671077,False
470,0.003708999999844309,5.3125,100.00037536671077,False
471,0.004365000000007058,3.8095238095238093,100.00037536671077,False
472,0.0029060000001663866,3.8095238095238093,100.00037536671077,False
473,0.0028340000001207954,5.3125,100.00037536671077,False
474,0.0033570000000509026,4.05,100.00037536671077,False
475,0.002230000000054133,4.9411764705882355,100.00037536671077,False
476,0.0014810000000125,5.733333333333333,100.00037536671077,False
477,0.0013269999999465654,4.9411764705882355,100.00037536671077,False
478,0.002338000000008833,5.3125,100.00037536671077,False
479,0.0028540000000703003,5.3125,100.00037536671077,False
480,0.0037689999999201973,-0.9333333333333333,100.00037536671077,False
481,0.0012490000001434964,4.9411764705882355,100.00037536671077,False
482,0.0032610000000659056,-0.9333333333333333,100.00037536671077,False
483,0.0033650000000307045,4.9411764705882355,100.00037536671077,False
484,0.002768999999943844,5.3125,100.00037536671077,False
485,0.0029010000000653235,4.315789473684211,100.00037536671077,False
486,0.002516999999897962,4.9411764705882355,100.00037536671077,False
487,0.0020150000000285218,-0.9230769230769231,100.00037536671077,False
488,0.0038159999999152205,-0.9375,100.00037536671077,False
489,0.002840000000105647,5.3125,100.00037536671077,False
490,0.008769000000029337,-0.972972972972973,100.00037536671077,False
491,0.002448999999842272,-0.8888888888888888,100.00037536671077,False
492,0.00338000000010652,-0.9230769230769231,100.00037536671077,False
493,0.0021719999999731954,4.611111111111111,100.00037536671077,False
494,0.003025000000207001,4.611111111111111,100.00037536671077,False
495,0.0012379999998302083,5.733333333333333,100.00037536671077,False
496,0.0029500000000552973,5.733333333333333,100.00037536671077,False
497,0.0015620000001490553,4.9411764705882355,100.00037536671077,False
498,0.0016189999998914573,4.9411764705882355,100.00037536671077,False
499,0.0015889999999672,4.611111111111111,100.00037536671077,False
500,0.0025160000000141736,4.9411764705882355,100.00037536671077,False
501,0.0029010000000653235,5.733333333333333,100.00037536671077,False
502,0.0025699999998778367,5.733333333333333,100.00037536671077,False
503,0.0034310000000914442,3.391304347826087,100.00037536671077,False
504,0.001123999999890657,5.3125,100.00037536671077,False
505,0.0036869999998998537,-0.9230769230769231,100.00037536671077,False
506,0.003101999999898908,4.611111111111111,100.00037536671077,False
507,0.002700999999888154,5.733333333333333,100.00037536671077,False
508,0.004897000000028129,-3.3095238095238093,100.00037536671077,False
509,0.0012219999998706044,-0.875,100.00037536671077,False
510,0.0029409999999643333,5.3125,100.00037536671077,False
511,0.003809999999930369,4.611111111111111,100.00037536671077,False
512,0.0024069999999483116,5.733333333333333,100.00037536671077,False
513,0.002484000000094966,5.733333333333333,100.00037536671077,False
514,0.0018809999999120919,3.2083333333333335,100.00037536671077,False
515,0.0025239999999939755,-0.9354838709677419,100.00037536671077,False
516,0.0023889999999937572,4.9411764705882355,100.00037536671077,False
517,0.0037899999999808642,4.315789473684211,100.00037536671077,False
518,0.0029149999998026033,4.9411764705882355,100.00037536671077,False
519,0.0036809999999150023,-0.9285714285714286,100.00037536671077,False
520,0.003620999999839114,5.3125,100.00037536671077,False
521,0.0029389999999693828,4.9411764705882355,100.00037536671077,False
522,0.0029670000001260632,3.8095238095238093,100.00037536671077,False
523,0.002379000000019005,4.05,100.00037536671077,False
524,0.0018059999999877618,4.611111111111111,100.00037536671077,False
525,0.0031089999999949214,4.611111111111111,100.00037536671077,False
526,0.0030549999999038846,4.9411764705882355,100.00037536671077,False
527,0.0013099999998757994,5.733333333333333,100.00037536671077,False
528,0.0033780000001115695,5.733333333333333,100.00037536671077,False
529,0.003527000000076441,-0.9375,100.00037536671077,False
530,0.0018129999998564017,4.611111111111111,100.00037536671077,False
531,0.0020089999998162966,4.611111111111111,100.00037536671077,False
532,0.0023229999999330175,5.733333333333333,100.00037536671077,False
533,0.00342200000000048,4.05,100.00037536671077,False
534,0.0011759999999867432,5.733333333333333,100.00037536671077,False
535,0.0055219999999280844,-3.0638297872340425,100.00037536671077,False
536,0.00166399999989153,5.733333333333333,100.00037536671077,False
537,0.0035870000001523294,4.315789473684211,100.00037536671077,False
538,0.002915000000029977,4.611111111111111,100.00037536671077,False
539,0.001504999999951906,3.8095238095238093,100.00037536671077,False
540,0.0027549999999791908,4.611111111111111,100.00037536671077,False
541,0.0029369999999744323,4.611111111111111,100.00037536671077,False
542,0.002418000000034226,5.3125,100.00037536671077,False
543,0.0029730000001109147,5.733333333333333,100.00037536671077,False
544,0.00143900000011854,4.315789473684211,100.00037536671077,False
545,0.0010480000000825385,5.733333333333333,100.00037536671077,False
546,0.002615000000105283,5.733333333333333,100.00037536671077,False
547,0.004642000000103508,5.733333333333333,100.00037536671077,False
548,0.0013109999999869615,4.9411764705882355,100.00037536671077,False
549,0.0033490000000711007,-0.9285714285714286,100.00037536671077,False
550,0.0010780000000067957,5.733333333333333,100.00037536671077,False
551,0.001199999999926149,4.9411764705882355,100.00037536671077,False
552,0.006174000000100932,-0.9285714285714286,100.00037536671077,False
553,0.007802999999967142,-0.9333333333333333,100.00037536671077,False
554,0.005750000000034561,-0.9285714285714286,100.00037536671077,False
555,0.0024589999998170242,4.9411764705882355,100.00037536671077,False
556,0.0014269999999214633,4.9411764705882355,100.00037536671077,False
557,0.0028250000000298314,5.733333333333333,100.00037536671077,False
558,0.0010649999999259308,5.733333333333333,100.00037536671077,False
559,0.0011870000000726577,4.9411764705882355,100.00037536671077,False
560,0.0027460000001156004,4.611111111111111,100.00037536671077,False
561,0.004932000000053449,4.05,100.00037536671077,False
562,0.007672000000184198,-2.197530864197531,100.00037536671077,False
563,0.0034100000000307773,5.733333333333333,100.00037536671077,False
564,0.003517999999985477,5.733333333333333,100.00037536671077,False
565,0.003545999999914784,4.9411764705882355,100.00037536671077,False
566,0.0014029999999820575,4.611111111111111,100.00037536671077,False
567,0.0022299999998267594,4.9411764705882355,100.00037536671077,False
568,0.0012000000001535227,5.733333333333333,100.00037536671077,False
569,0.003445999999939886,4.611111111111111,100.00037536671077,False
570,0.002581000000191125,4.315789473684211,100.00037536671077,False
571,0.002991000000065469,5.3125,100.00037536671077,False
572,0.0015750000000025466,3.590909090909091,100.00037536671077,False
573,0.0015039999998407438,-0.875,100.00037536671077,False
574,0.0021050000000286673,-0.8823529411764706,100.00037536671077,False
575,0.0033809999999903084,5.733333333333333,100.00037536671077,False
576,0.0012000000001535227,5.3125,100.00037536671077,False
577,0.0010520000000724394,5.733333333333333,100.00037536671077,False
578,0.007399999999961437,-0.9512195121951219,100.00037536671077,False
579,0.005673999999999069,-0.9411764705882353,100.00037536671077,False
580,0.0028029999998580024,5.733333333333333,100.00037536671077,False
581,0.0031309999999393767,4.611111111111111,100.00037536671077,False
582,0.003201999999873806,4.315789473684211,100.00037536671077,False
583,0.002617999999984022,5.733333333333333,100.00037536671077,False
584,0.0038910000000669243,4.9411764705882355,100.00037536671077,False
585,0.0016439999999420252,4.9411764705882355,100.00037536671077,False
586,0.0024059999998371495,5.3125,100.00037536671077,False
587,0.002335000000130094,-0.9393939393939394,100.00037536671077,False
588,0.0014530000000831933,3.8095238095238093,100.00037536671077,False
589,0.001110999999809792,5.733333333333333,100.00037536671077,False
590,0.0010450000002037996,5.733333333333333,100.00037536671077,False
591,0.0013719999999466381,4.05,100.00037536671077,False
592,0.0010359999998854619,5.733333333333333,100.00037536671077,False
593,0.0019130000000586733,-0.9285714285714286,100.00037536671077,False
594,0.001111999999920954,5.3125,100.00037536671077,False
595,0.001224999999976717,5.3125,100.00037536671077,False
596,0.001686000000063359,4.611111111111111,100.00037536671077,False
597,0.0015319999999974243,5.3125,100.00037536671077,False
598,0.0011019999999462016,5.733333333333333,100.00037536671077,False
599,0.0021280000000842847,-0.9354838709677419,100.00037536671077,False
600,0.001113000000032116,5.3125,100.00037536671077,False
601,0.0014459999999871798,4.9411764705882355,100.00037536671077,False
602,0.001527000000123735,5.733333333333333,100.00037536671077,False
603,0.0014069999999719585,5.733333333333333,100.00037536671077,False
604,0.0010760000000118453,5.733333333333333,100.00037536671077,False
605,0.0010740000000168948,5.733333333333333,100.00037536671077,False
606,0.0010480000000825385,5.733333333333333,100.00037536671077,False
607,0.0010440000000926375,5.733333333333333,100.00037536671077,False
608,0.0011099999999260035,5.3125,100.00037536671077,False
609,0.001042000000097687,5.733333333333333,100.00037536671077,False
610,0.0015129999999317079,3.8095238095238093,100.00037536671077,False
611,0.0011769999998705316,4.9411764705882355,100.00037536671077,False
612,0.0010429999999814754,5.733333333333333,100.00037536671077,False
613,0.0013030000000071595,4.315789473684211,100.00037536671077,False
614,0.001558999999815569,-0.8823529411764706,100.00037536671077,False
615,0.0011839999999665451,5.733333333333333,100.00037536671077,False
616,0.0011759999999867432,5.733333333333333,100.00037536671077,False
617,0.0014160000000629225,4.611111111111111,100.00037536671077,False
618,0.0011799999999766442,5.733333333333333,100.00037536671077,False
619,0.0011759999999867432,5.733333333333333,100.00037536671077,False
620,0.0011670000001231529,5.733333333333333,100.00037536671077,False
621,0.002686000000039712,-0.9354838709677419,100.00037536671077,False
622,0.001123999999890657,5.3125,100.00037536671077,False
623,0.0011099999999260035,5.3125,100.00037536671077,False
624,0.001038000000107786,5.733333333333333,100.00037536671077,False
625,0.001042000000097687,5.733333333333333,100.00037536671077,False
626,0.0018490000002202578,-0.9259259259259259,100.00037536671077,False
627,0.00137999999992644,4.05,100.00037536671077,False
628,0.0013090000002193847,4.9411764705882355,100.00037536671077,False
629,0.0011120000001483277,5.733333333333333,100.00037536671077,False
630,0.001117000000022017,5.3125,100.00037536671077,False
631,0.0014029999999820575,4.611111111111111,100.00037536671077,False
632,0.0016330000000834843,4.9411764705882355,100.00037536671077,False
633,0.0014349999999012653,5.733333333333333,100.00037536671077,False
634,0.0011980000001585722,4.9411764705882355,100.00037536671077,False
635,0.0011190000000169675,-0.875,100.00037536671077,False
636,0.0011849999998503336,4.9411764705882355,100.00037536671077,False
637,0.0010489999999663269,5.733333333333333,100.00037536671077,False
638,0.001046000000087588,5.733333333333333,100.00037536671077,False
639,0.0012019999999210995,4.9411764705882355,100.00037536671077,False
640,0.001195999999936248,4.9411764705882355,100.00037536671077,False
641,0.0010569999999461288,5.733333333333333,100.00037536671077,False
642,0.0013819999999213906,4.05,100.00037536671077,False
643,0.0010520000000724394,5.733333333333333,100.00037536671077,False
644,0.0013529999998809217,5.733333333333333,100.00037536671077,False
645,0.0012950000000273576,5.733333333333333,100.00037536671077,False
646,0.0012619999999969878,4.611111111111111,100.00037536671077,False
647,0.0011219999998957064,5.3125,100.00037536671077,False
648,0.0015069999999468564,5.3125,100.00037536671077,False
649,0.001330000000052678,4.9411764705882355,100.00037536671077,False
650,0.0017589999999927386,4.05,100.00037536671077,False
651,0.0013289999999415159,4.315789473684211,100.00037536671077,False
652,0.0012649999998757266,4.611111111111111,100.00037536671077,False
653,0.0012440000000424334,4.611111111111111,100.00037536671077,False
654,0.0019159999999374122,-0.9285714285714286,100.00037536671077,False
655,0.0013069999999970605,4.315789473684211,100.00037536671077,False
656,0.0011840000001939188,4.9411764705882355,100.00037536671077,False
657,0.0010849999998754356,5.733333333333333,100.00037536671077,False
658,0.0013229999999566644,4.9411764705882355,100.00037536671077,False
659,0.0011759999999867432,5.733333333333333,100.00037536671077,False
660,0.001136999999971522,5.733333333333333,100.00037536671077,False
661,0.0011940000001686712,5.733333333333333,100.00037536671077,False
662,0.0034710000002178276,-0.9591836734693877,100.00037536671077,False
663,0.0011150000000270666,5.3125,100.00037536671077,False
664,0.0016080000000329164,5.3125,100.00037536671077,False
665,0.001207999999905951,5.3125,100.00037536671077,False
666,0.0015319999999974243,3.590909090909091,100.00037536671077,False
667,0.0010440000000926375,5.733333333333333,100.00037536671077,False
668,0.0011810000000878063,4.9411764705882355,100.00037536671077,False
669,0.0013250000001789886,4.315789473684211,100.00037536671077,False
670,0.0011799999999766442,4.9411764705882355,100.00037536671077,False
671,0.001042000000097687,5.733333333333333,100.00037536671077,False
672,0.0010459999998602143,5.733333333333333,100.00037536671077,False
673,0.0011230000000068685,5.733333333333333,100.00037536671077,False
674,0.002184000000170272,-0.9310344827586207,100.00037536671077,False
675,0.0011810000000878063,5.733333333333333,100.00037536671077,False
676,0.004413999999997031,-0.9655172413793104,100.00037536671077,False
677,0.0013189999999667634,4.9411764705882355,100.00037536671077,False
678,0.0011059999999361025,5.733333333333333,100.00037536671077,False
679,0.0011739999999917927,5.733333333333333,100.00037536671077,False
680,0.0011900000001787703,5.733333333333333,100.00037536671077,False
681,0.0010469999999713764,5.733333333333333,100.00037536671077,False
682,0.0012369999999464198,4.611111111111111,100.00037536671077,False
683,0.001046000000087588,5.733333333333333,100.00037536671077,False
684,0.0010379999998804124,5.733333333333333,100.00037536671077,False
685,0.0012479999998049607,4.611111111111111,100.00037536671077,False
686,0.001036999999996624,5.733333333333333,100.00037536671077,False
687,0.0014559999999619322,4.611111111111111,100.00037536671077,False
688,0.0017340000001695444,4.9411764705882355,100.00037536671077,False
689,0.0016530000000329892,4.315789473684211,100.00037536671077,False
690,0.0010499999998501153,5.733333333333333,100.00037536671077,False
691,0.0010439999998652638,5.733333333333333,100.00037536671077,False
692,0.0011779999999816937,4.9411764705882355,100.00037536671077,False
693,0.001191999999946347,4.9411764705882355,100.00037536671077,False
694,0.0010419999998703133,5.733333333333333,100.00037536671077,False
695,0.0010660000000370928,5.733333333333333,100.00037536671077,False
696,0.0010549999999511783,5.733333333333333,100.00037536671077,False
697,0.0012560000000121363,4.611111111111111,100.00037536671077,False
698,0.0011680000000069413,5.733333333333333,100.00037536671077,False
699,0.0024639999999180873,-0.9333333333333333,100.00037536671077,False
700,0.0012520000000222353,-0.8888888888888888,100.00037536671077,False
701,0.0011730000001080043,4.9411764705882355,100.00037536671077,False
702,0.001040999999986525,5.733333333333333,100.00037536671077,False
703,0.004603999999972075,-0.9649122807017544,100.00037536671077,False
704,0.0017310000000634318,5.733333333333333,100.00037536671077,False
705,0.0015610000000378932,5.733333333333333,100.00037536671077,False
706,0.001323000000184038,5.3125,100.00037536671077,False
707,0.0011799999999766442,5.3125,100.00037536671077,False
708,0.0010509999999612774,5.733333333333333,100.00037536671077,False
709,0.0017829999999321444,-0.9230769230769231,100.00037536671077,False
710,0.0011739999999917927,4.9411764705882355,100.00037536671077,False
711,0.0010440000000926375,5.733333333333333,100.00037536671077,False
712,0.0011070000000472646,5.3125,100.00037536671077,False
713,0.0034049999999297142,-3.425,100.00037536671077,False
714,0.0011600000000271393,5.3125,100.00037536671077,False
715,0.0015300000000024738,5.3125,100.00037536671077,False
716,0.0014699999999265856,3.8095238095238093,100.00037536671077,False
717,0.0014280000000326254,-0.875,100.00037536671077,False
718,0.0010520000000724394,5.733333333333333,100.00037536671077,False
719,0.001115999999910855,5.3125,100.00037536671077,False
720,0.0012890000000425061,5.3125,100.00037536671077,False
721,0.0010469999999713764,5.733333333333333,100.00037536671077,False
722,0.0011779999999816937,4.9411764705882355,100.00037536671077,False
723,0.0011779999999816937,4.9411764705882355,100.00037536671077,False
724,0.0010560000000623404,5.733333333333333,100.00037536671077,False
725,0.0011839999999665451,4.9411764705882355,100.00037536671077,False
726,0.0012409999999363208,4.611111111111111,100.00037536671077,False
727,0.001036999999996624,5.733333333333333,100.00037536671077,False
728,0.0012349999999514694,4.611111111111111,100.00037536671077,False
729,0.0010310000000117725,5.733333333333333,100.00037536671077,False
730,0.001109000000042215,5.3125,100.00037536671077,False
731,0.003287000000000262,-0.9523809523809523,100.00037536671077,False
732,0.001318000000082975,5.733333333333333,100.00037536671077,False
733,0.0013360000000375294,4.315789473684211,100.00037536671077,False
734,0.0015220000000226719,4.9411764705882355,100.00037536671077,False
735,0.0012009999998099374,4.9411764705882355,100.00037536671077,False
736,0.0011679999997795676,-0.875,100.00037536671077,False
737,0.0010529999999562278,5.733333333333333,100.00037536671077,False
738,0.0011810000000878063,4.9411764705882355,100.00037536671077,False
739,0.0010429999999814754,5.733333333333333,100.00037536671077,False
740,0.001042000000097687,5.733333333333333,100.00037536671077,False
741,0.0013189999999667634,4.315789473684211,100.00037536671077,False
742,0.0014330000001336884,4.9411764705882355,100.00037536671077,False
743,0.0018139999999675638,4.315789473684211,100.00037536671077,False
744,0.0012229999999817665,4.9411764705882355,100.00037536671077,False
745,0.0011839999999665451,4.9411764705882355,100.00037536671077,False
746,0.0010429999999814754,5.733333333333333,100.00037536671077,False
747,0.001042000000097687,5.733333333333333,100.00037536671077,False
748,0.0011110000000371656,5.3125,100.00037536671077,False
749,0.0011879999999564461,5.733333333333333,100.00037536671077,False
750,0.0013910000000123546,5.3125,100.00037536671077,False
751,0.0016090000001440785,4.315789473684211,100.00037536671077,False
752,0.0012650000001031003,4.611111111111111,100.00037536671077,False
753,0.0011819999999715947,4.9411764705882355,100.00037536671077,False
754,0.0011099999999260035,5.3125,100.00037536671077,False
755,0.0010389999999915744,5.733333333333333,100.00037536671077,False
756,0.0010479999998551648,5.733333333333333,100.00037536671077,False
757,0.0010480000000825385,5.733333333333333,100.00037536671077,False
758,0.001040999999986525,5.733333333333333,100.00037536671077,False
759,0.001109000000042215,5.3125,100.00037536671077,False
760,0.0011389999999664724,5.733333333333333,100.00037536671077,False
761,0.0016039999998156418,5.3125,100.00037536671077,False
762,0.0011049999998249405,5.733333333333333,100.00037536671077,False
763,0.0012150000000019645,5.733333333333333,100.00037536671077,False
764,0.001291999999921245,5.733333333333333,100.00037536671077,False
765,0.0011219999998957064,5.3125,100.00037536671077,False
766,0.0034900000000561704,-0.9607843137254902,100.00037536671077,False
767,0.00133100000016384,5.733333333333333,100.00037536671077,False
768,0.0013619999999718857,5.733333333333333,100.00037536671077,False
769,0.003316999999924519,-0.9473684210526315,100.00037536671077,False
770,0.0011540000000422879,5.3125,100.00037536671077,False
771,0.0020640000000184955,-0.9333333333333333,100.00037536671077,False
772,0.0010549999999511783,5.733333333333333,100.00037536671077,False
773,0.0011899999999513966,4.9411764705882355,100.00037536671077,False
774,0.001113000000032116,5.3125,100.00037536671077,False
775,0.004376999999976761,-0.9666666666666667,100.00037536671077,False
776,0.0010919999999714491,5.733333333333333,100.00037536671077,False
777,0.0010429999999814754,5.733333333333333,100.00037536671077,False
778,0.0010439999998652638,5.733333333333333,100.00037536671077,False
779,0.0010429999999814754,5.733333333333333,100.00037536671077,False
780,0.001036999999996624,5.733333333333333,100.00037536671077,False
781,0.0013080000001082226,4.315789473684211,100.00037536671077,False
782,0.002592999999933454,-0.9333333333333333,100.00037536671077,False
783,0.0013710000000628497,5.733333333333333,100.00037536671077,False
784,0.0012950000000273576,5.733333333333333,100.00037536671077,False
785,0.0010509999999612774,5.733333333333333,100.00037536671077,False
786,0.0011970000000474101,5.733333333333333,100.00037536671077,False
787,0.0022700000001805165,-0.9259259259259259,100.00037536671077,False
788,0.0010580000000572909,5.733333333333333,100.00037536671077,False
789,0.0014080000000831205,4.9411764705882355,100.00037536671077,False
790,0.0011309999999866704,5.3125,100.00037536671077,False
791,0.0010469999999713764,5.733333333333333,100.00037536671077,False
792,0.00115500000015345,5.733333333333333,100.00037536671077,False
793,0.0010649999999259308,5.733333333333333,100.00037536671077,False
794,0.0010649999999259308,5.733333333333333,100.00037536671077,False
795,0.0010509999999612774,5.733333333333333,100.00037536671077,False
796,0.0010429999999814754,5.733333333333333,100.00037536671077,False
797,0.0010480000000825385,5.733333333333333,100.00037536671077,False
798,0.0010469999999713764,5.733333333333333,100.00037536671077,False
799,0.0014339999997901032,4.9411764705882355,100.00037536671077,False
800,0.001496999999972104,5.733333333333333,100.00037536671077,False
801,0.001554999999825668,4.611111111111111,100.00037536671077,False
802,0.002371000000039203,-3.9393939393939394,100.00037536671077,False
803,0.0014519999999720312,4.9411764705882355,100.00037536671077,False
804,0.0013729999998304265,5.3125,100.00037536671077,False
805,0.0011680000000069413,5.733333333333333,100.00037536671077,False
806,0.0012899999999262945,5.3125,100.00037536671077,False
807,0.0011169999997946434,5.733333333333333,100.00037536671077,False
808,0.001125000000001819,5.733333333333333,100.00037536671077,False
809,0.0013610000000880973,5.3125,100.00037536671077,False
810,0.0010649999999259308,5.733333333333333,100.00037536671077,False
811,0.0012070000000221626,5.3125,100.00037536671077,False
812,0.0010600000000522414,5.733333333333333,100.00037536671077,False
813,0.0011889999998402345,4.9411764705882355,100.00037536671077,False
814,0.0010830000001078588,5.733333333333333,100.00037536671077,False
815,0.001326000000062777,4.315789473684211,100.00037536671077,False
816,0.0016459999999369757,4.315789473684211,100.00037536671077,False
817,0.0014280000000326254,5.733333333333333,100.00037536671077,False
818,0.0010640000000421423,5.733333333333333,100.00037536671077,False
819,0.0012150000000019645,4.9411764705882355,100.00037536671077,False
820,0.0012560000000121363,4.611111111111111,100.00037536671077,False
821,0.0011560000000372384,5.3125,100.00037536671077,False
822,0.0017569999999977881,4.611111111111111,100.00037536671077,False
823,0.0014360000000124273,5.733333333333333,100.00037536671077,False
824,0.0010560000000623404,5.733333333333333,100.00037536671077,False
825,0.0024069999999483116,-0.9354838709677419,100.00037536671077,False
826,0.005485000000135187,-2.426470588235294,100.00037536671077,False
827,0.001400999999987107,4.05,100.00037536671077,False
828,0.001046000000087588,5.733333333333333,100.00037536671077,False
829,0.0012030000000322616,5.733333333333333,100.00037536671077,False
830,0.0014279999998052517,-0.8888888888888888,100.00037536671077,False
831,0.0013639999999668362,4.9411764705882355,100.00037536671077,False
832,0.0011509999999361753,5.733333333333333,100.00037536671077,False
833,0.0013409999999112188,5.3125,100.00037536671077,False
834,0.00115500000015345,5.733333333333333,100.00037536671077,False
835,0.0011969999998200365,5.733333333333333,100.00037536671077,False
836,0.0014280000000326254,5.733333333333333,100.00037536671077,False
837,0.0011399999998502608,5.733333333333333,100.00037536671077,False
838,0.001322000000072876,4.9411764705882355,100.00037536671077,False
839,0.0011689999998907297,5.733333333333333,100.00037536671077,False
840,0.0012600000000020373,5.733333333333333,100.00037536671077,False
841,0.0011360000000877335,5.3125,100.00037536671077,False
842,0.0020230000000083237,-0.9310344827586207,100.00037536671077,False
843,0.001301000000012209,4.9411764705882355,100.00037536671077,False
844,0.0013150000002042361,4.315789473684211,100.00037536671077,False
845,0.0011339999998654093,5.733333333333333,100.00037536671077,False
846,0.0011319999998704589,5.733333333333333,100.00037536671077,False
847,0.001113000000032116,5.733333333333333,100.00037536671077,False
848,0.0010469999999713764,5.733333333333333,100.00037536671077,False
849,0.002160999999887281,4.611111111111111,100.00037536671077,False
850,0.0011429999999563734,5.733333333333333,100.00037536671077,False
851,0.0012810000000627042,5.733333333333333,100.00037536671077,False
852,0.0011850000000777072,4.9411764705882355,100.00037536671077,False
853,0.0010429999999814754,5.733333333333333,100.00037536671077,False
854,0.0010419999998703133,5.733333333333333,100.00037536671077,False
855,0.0011799999999766442,5.733333333333333,100.00037536671077,False
856,0.0011469999999462743,5.733333333333333,100.00037536671077,False
857,0.0011690000001181033,5.733333333333333,100.00037536671077,False
858,0.0011269999999967695,5.733333333333333,100.00037536671077,False
859,0.0010480000000825385,5.733333333333333,100.00037536671077,False
860,0.0019839999999931024,-0.9310344827586207,100.00037536671077,False
861,0.0011759999999867432,4.9411764705882355,100.00037536671077,False
862,0.0010350000000016735,5.733333333333333,100.00037536671077,False
863,0.001242000000047483,4.611111111111111,100.00037536671077,False
864,0.0010360000001128356,5.733333333333333,100.00037536671077,False
865,0.0018159999999625143,2.8846153846153846,100.00037536671077,False
866,0.0010350000000016735,5.733333333333333,100.00037536671077,False
867,0.0010440000000926375,5.733333333333333,100.00037536671077,False
868,0.0011759999999867432,4.9411764705882355,100.00037536671077,False
869,0.0010419999998703133,5.733333333333333,100.00037536671077,False
870,0.0010379999998804124,5.733333333333333,100.00037536671077,False
871,0.0010379999998804124,5.733333333333333,100.00037536671077,False
872,0.0010360000001128356,5.733333333333333,100.00037536671077,False
873,0.0010400000001027365,5.733333333333333,100.00037536671077,False
874,0.0010350000000016735,5.733333333333333,100.00037536671077,False
875,0.0010350000000016735,5.733333333333333,100.00037536671077,False
876,0.0010389999999915744,5.733333333333333,100.00037536671077,False
877,0.001040999999986525,5.733333333333333,100.00037536671077,False
878,0.0010439999998652638,5.733333333333333,100.00037536671077,False
879,0.0011030000000573636,5.3125,100.00037536671077,False
880,0.0010379999998804124,5.733333333333333,100.00037536671077,False
881,0.001031999999895561,5.733333333333333,100.00037536671077,False
882,0.0010339999998905114,5.733333333333333,100.00037536671077,False
883,0.0011649999999008287,5.733333333333333,100.00037536671077,False
884,0.0013850000000275031,4.611111111111111,100.00037536671077,False
885,0.0011660000000119908,5.733333333333333,100.00037536671077,False
886,0.0011110000000371656,5.733333333333333,100.00037536671077,False
887,0.001040999999986525,5.733333333333333,100.00037536671077,False
888,0.001034000000117885,5.733333333333333,100.00037536671077,False
889,0.0010339999998905114,5.733333333333333,100.00037536671077,False
890,0.001034000000117885,5.733333333333333,100.00037536671077,False
891,0.0010310000000117725,5.733333333333333,100.00037536671077,False
892,0.0010310000000117725,5.733333333333333,100.00037536671077,False
893,0.0011010000000624132,5.733333333333333,100.00037536671077,False
894,0.0011110000000371656,5.3125,100.00037536671077,False
895,0.00198099999988699,-0.9310344827586207,100.00037536671077,False
896,0.0010350000000016735,5.733333333333333,100.00037536671077,False
897,0.0011049999998249405,5.3125,100.00037536671077,False
898,0.0010360000001128356,5.733333333333333,100.00037536671077,False
899,0.001033000000006723,5.733333333333333,100.00037536671077,False
900,0.0011219999998957064,5.3125,100.00037536671077,False
901,0.001034000000117885,5.733333333333333,100.00037536671077,False
902,0.0013679999999567372,4.05,100.00037536671077,False
903,0.0010310000000117725,5.733333333333333,100.00037536671077,False
904,0.0011649999999008287,4.9411764705882355,100.00037536671077,False
905,0.0010270000000218715,5.733333333333333,100.00037536671077,False
906,0.0010310000000117725,5.733333333333333,100.00037536671077,False
907,0.0012219999998706044,4.9411764705882355,100.00037536671077,False
908,0.0012239999998655549,5.3125,100.00037536671077,False
909,0.0011519999998199637,5.733333333333333,100.00037536671077,False
910,0.0012099999999009015,5.3125,100.00037536671077,False
911,0.001040999999986525,5.733333333333333,100.00037536671077,False
912,0.001033000000006723,5.733333333333333,100.00037536671077,False
913,0.0014309999999113643,3.8095238095238093,100.00037536671077,False
914,0.001038000000107786,5.733333333333333,100.00037536671077,False
915,0.001031999999895561,5.733333333333333,100.00037536671077,False
916,0.001031999999895561,5.733333333333333,100.00037536671077,False
917,0.0010350000000016735,5.733333333333333,100.00037536671077,False
918,0.0010360000001128356,5.733333333333333,100.00037536671077,False
919,0.0012469999999211723,4.9411764705882355,100.00037536671077,False
920,0.0010469999999713764,5.733333333333333,100.00037536671077,False
921,0.001138000000082684,5.733333333333333,100.00037536671077,False
922,0.0010489999999663269,5.733333333333333,100.00037536671077,False
923,0.001040999999986525,5.733333333333333,100.00037536671077,False
924,0.0010429999999814754,5.733333333333333,100.00037536671077,False
925,0.001040999999986525,5.733333333333333,100.00037536671077,False
926,0.001038000000107786,5.733333333333333,100.00037536671077,False
927,0.0011100000001533772,5.3125,100.00037536671077,False
928,0.0010350000000016735,5.733333333333333,100.00037536671077,False
929,0.0013069999999970605,4.315789473684211,100.00037536671077,False
930,0.0010379999998804124,5.733333333333333,100.00037536671077,False
931,0.001040999999986525,5.733333333333333,100.00037536671077,False
932,0.001038000000107786,5.733333333333333,100.00037536671077,False
933,0.0011030000000573636,5.3125,100.00037536671077,False
934,0.0010389999999915744,5.733333333333333,100.00037536671077,False
935,0.0010339999998905114,5.733333333333333,100.00037536671077,False
936,0.009785999999849082,-2.3424657534246576,100.00037536671077,False
937,0.0010959999999613501,-0.875,100.00037536671077,False
938,0.0010280000001330336,5.733333333333333,100.00037536671077,False
939,0.0010320000001229346,5.733333333333333,100.00037536671077,False
940,0.0010309999997843988,5.733333333333333,100.00037536671077,False
941,0.001234000000067681,4.611111111111111,100.00037536671077,False
942,0.001029000000016822,5.733333333333333,100.00037536671077,False
943,0.001036999999996624,5.733333333333333,100.00037536671077,False
944,0.001040999999986525,5.733333333333333,100.00037536671077,False
945,0.0010660000000370928,5.733333333333333,100.00037536671077,False
946,0.001059000000168453,5.733333333333333,100.00037536671077,False
947,0.0010579999998299172,5.733333333333333,100.00037536671077,False
948,0.0011880000001838198,4.9411764705882355,100.00037536671077,False
949,0.0011890000000676082,4.9411764705882355,100.00037536671077,False
950,0.0011169999997946434,5.3125,100.00037536671077,False
951,0.0010350000000016735,5.733333333333333,100.00037536671077,False
952,0.0011650000001282024,4.9411764705882355,100.00037536671077,False
953,0.001034000000117885,5.733333333333333,100.00037536671077,False
954,0.0011689999998907297,4.9411764705882355,100.00037536671077,False
955,0.001029000000016822,5.733333333333333,100.00037536671077,False
956,0.0010429999999814754,5.733333333333333,100.00037536671077,False
957,0.0010400000001027365,5.733333333333333,100.00037536671077,False
958,0.001038000000107786,5.733333333333333,100.00037536671077,False
959,0.005272000000104526,-0.9733333333333334,100.00037536671077,False
960,0.0010569999999461288,5.733333333333333,100.00037536671077,False
961,0.0010549999999511783,5.733333333333333,100.00037536671077,False
962,0.0011859999999614956,4.9411764705882355,100.00037536671077,False
963,0.0010469999999713764,5.733333333333333,100.00037536671077,False
964,0.001044999999976426,5.733333333333333,100.00037536671077,False
965,0.001044999999976426,5.733333333333333,100.00037536671077,False
966,0.0010680000000320433,5.733333333333333,100.00037536671077,False
967,0.0011750000001029548,4.9411764705882355,100.00037536671077,False
968,0.001109000000042215,5.3125,100.00037536671077,False
969,0.0010509999999612774,5.733333333333333,100.00037536671077,False
970,0.0010520000000724394,5.733333333333333,100.00037536671077,False
971,0.001046000000087588,5.733333333333333,100.00037536671077,False
972,0.0010439999998652638,5.733333333333333,100.00037536671077,False
973,0.0011030000000573636,5.733333333333333,100.00037536671077,False
974,0.0012469999999211723,5.3125,100.00037536671077,False
975,0.0011509999999361753,5.733333333333333,100.00037536671077,False
976,0.001040999999986525,5.733333333333333,100.00037536671077,False
977,0.0010360000001128356,5.733333333333333,100.00037536671077,False
978,0.0010400000001027365,5.733333333333333,100.00037536671077,False
979,0.0011070000000472646,5.3125,100.00037536671077,False
980,0.0011770000000979053,4.9411764705882355,100.00037536671077,False
981,0.001038000000107786,5.733333333333333,100.00037536671077,False
982,0.0039300000000821456,-0.9649122807017544,100.00037536671077,False
983,0.0010489999999663269,5.733333333333333,100.00037536671077,False
984,0.0010389999999915744,5.733333333333333,100.00037536671077,False
985,0.0012369999999464198,5.3125,100.00037536671077,False
986,0.00105400000006739,5.733333333333333,100.00037536671077,False
987,0.0010389999999915744,5.733333333333333,100.00037536671077,False
988,0.0011730000001080043,4.9411764705882355,100.00037536671077,False
989,0.001981999999998152,-0.9310344827586207,100.00037536671077,False
990,0.0010489999999663269,5.733333333333333,100.00037536671077,False
991,0.001040999999986525,5.733333333333333,100.00037536671077,False
992,0.0010529999999562278,5.733333333333333,100.00037536671077,False
993,0.001040999999986525,5.733333333333333,100.00037536671077,False
994,0.0013780000001588633,4.05,100.00037536671077,False
995,0.0011110000000371656,5.3125,100.00037536671077,False
996,0.0018540000000939472,-0.9259259259259259,100.00037536671077,False
997,0.0021090000000185682,-0.9354838709677419,100.00037536671077,False
998,0.0011700000000018917,4.9411764705882355,100.00037536671077,False
999,0.0011629999999058782,4.9411764705882355,100.00037536671077,False
1000,0.0010389999999915744,5.733333333333333,100.00037536671077,False
