steps,time,reward,delta,converged
1,0.050271000000066124,-5.74251497005988,0,False
2,0.058755999999903,-5.720763723150358,99.99978045751433,False
3,0.01627500000006421,-5.892561983471074,99.99978045751433,False
4,0.00936100000001261,-4.734177215189874,99.99978045751433,False
5,0.002282999999920321,4.315789473684211,99.99978045751433,False
6,0.006099999999946704,-4.69811320754717,99.99978045751433,False
7,0.010697999999933927,-9.68131868131868,99.99978045751433,False
8,0.004483999999933985,2.607142857142857,99.99978045751433,False
9,0.010463000000072498,2.607142857142857,99.99978045751433,False
10,0.006729000000063934,-3.108695652173913,99.99978045751433,False
11,0.0037239999999201245,2.4827586206896552,99.99978045751433,False
12,0.0070580000000290966,-3.255813953488372,99.99978045751433,False
13,0.004074999999943429,-0.9444444444444444,99.99978045751433,False
14,0.0026760000000649597,3.391304347826087,99.99978045751433,False
15,0.0019929999999703796,5.3125,99.99978045751433,False
16,0.0019210000000384753,5.733333333333333,99.99978045751433,False
17,0.002961000000027525,3.2083333333333335,99.99978045751433,False
18,0.002100000000041291,5.3125,99.99978045751433,False
19,0.0040840000000343935,-0.9444444444444444,99.99978045751433,False
20,0.004137000000014268,-6.566037735849057,99.99978045751433,False
21,0.0024329999999963547,-0.9411764705882353,99.99978045751433,False
22,0.004328999999984262,-3.2045454545454546,99.99978045751433,False
23,0.00638400000002548,-0.9473684210526315,99.99978045751433,False
24,0.005036000000018248,-0.9428571428571428,99.99978045751433,False
25,0.004908999999997832,-2.4696969696969697,99.99978045751433,False
26,0.0013619999999718857,4.315789473684211,99.99978045751433,False
27,0.00573399999996127,-4.592592592592593,99.99978045751433,False
28,0.003838999999970838,-3.2045454545454546,99.99978045751433,False
29,0.001706000000012864,-0.9,99.99978045751433,False
30,0.0024159999999255888,-0.9428571428571428,99.99978045751433,False
31,0.002581000000077438,-0.9459459459459459,99.99978045751433,False
32,0.0018579999999701613,-0.9047619047619048,99.99978045751433,False
33,0.0014310000000250511,4.315789473684211,99.99978045751433,False
34,0.0021189999999933207,3.04,99.99978045751433,False
35,0.0022139999999808424,-0.9166666666666666,99.99978045751433,False
36,0.001560000000040418,3.590909090909091,99.99978045751433,False
37,0.008767000000034386,-3.108695652173913,99.99978045751433,False
38,0.002784999999903448,3.8095238095238093,99.99978045751433,False
39,0.003704999999968095,-0.9534883720930233,99.99978045751433,False
40,0.0014130000000704968,4.05,99.99978045751433,False
41,0.004580000000032669,-3.7714285714285714,99.99978045751433,False
42,0.002979000000095766,-0.9230769230769231,99.99978045751433,False
43,0.0024740000000065265,-0.9285714285714286,99.99978045751433,False
44,0.0022179999999707434,-0.9375,99.99978045751433,False
45,0.0015300000000024738,-0.9090909090909091,99.99978045751433,False
46,0.004866999999990185,-2.4696969696969697,99.99978045751433,False
47,0.0014059999999744832,4.05,99.99978045751433,False
48,0.0037780000000111613,-5.170212765957447,99.99978045751433,False
49,0.0011980000000448854,4.9411764705882355,99.99978045751433,False
50,0.0018679999999449137,3.2083333333333335,99.99978045751433,False
51,0.002601000000026943,-0.9333333333333333,99.99978045751433,False
52,0.003617999999960375,3.590909090909091,99.99978045751433,False
53,0.005356000000006134,-0.9354838709677419,99.99978045751433,False
54,0.002016000000025997,-0.9285714285714286,99.99978045751433,False
55,0.00936699999999746,-3.36144578313253,99.99978045751433,False
56,0.0017449999999143984,4.05,99.99978045751433,False
57,0.004674999999906504,-6.794117647058823,99.99978045751433,False
58,0.0017289999999547945,-0.9,99.99978045751433,False
59,0.0024160000000392756,-0.9411764705882353,99.99978045751433,False
60,0.0028409999999894353,-3.3658536585365852,99.99978045751433,False
61,0.00562600000000657,-6.324324324324325,99.99978045751433,False
62,0.004521999999951731,-0.9444444444444444,99.99978045751433,False
63,0.004885999999942214,-0.9166666666666666,99.99978045751433,False
64,0.001882000000023254,3.8095238095238093,99.99978045751433,False
65,0.006960000000049149,-4.138297872340425,99.99978045751433,False
66,0.0013709999999491629,4.315789473684211,99.99978045751433,False
67,0.0024409999999761567,-0.9411764705882353,99.99978045751433,False
68,0.007021000000008826,-2.9019607843137254,99.99978045751433,False
69,0.001458999999954358,3.8095238095238093,99.99978045751433,False
70,0.001948999999967782,-0.9166666666666666,99.99978045751433,False
71,0.0020610000000260698,-0.9333333333333333,99.99978045751433,False
72,0.0010469999999713764,5.733333333333333,99.99978045751433,False
73,0.002955999999926462,-3.3658536585365852,99.99978045751433,False
74,0.0064089999999623615,-4.161290322580645,99.99978045751433,False
75,0.0036330000000361906,5.733333333333333,99.99978045751433,False
76,0.004158000000074935,-0.9459459459459459,99.99978045751433,False
77,0.002612999999996646,-3.5526315789473686,99.99978045751433,False
78,0.0011780000000953805,-0.8823529411764706,99.99978045751433,False
79,0.001496999999972104,4.05,99.99978045751433,False
80,0.004014999999981228,-2.7962962962962963,99.99978045751433,False
81,0.0011110000000371656,5.3125,99.99978045751433,False
82,0.004327999999986787,-0.9375,99.99978045751433,False
83,0.004103999999983898,-0.9310344827586207,99.99978045751433,False
84,0.0012949999999136708,-0.8888888888888888,99.99978045751433,False
85,0.0018230000000585278,-0.9230769230769231,99.99978045751433,False
86,0.0018669999999474385,-0.9259259259259259,99.99978045751433,False
87,0.0015399999999772263,-0.8888888888888888,99.99978045751433,False
88,0.0034439999999449356,-4.92,99.99978045751433,False
89,0.0038660000000163564,-4.592592592592593,99.99978045751433,False
90,0.00493600000004335,3.8095238095238093,99.99978045751433,False
91,0.0012789999999540669,4.9411764705882355,99.99978045751433,False
92,0.006625999999982923,-0.9393939393939394,99.99978045751433,False
93,0.00146000000006552,5.733333333333333,99.99978045751433,False
94,0.0020600000000285945,-0.9310344827586207,99.99978045751433,False
95,0.001458999999954358,3.8095238095238093,99.99978045751433,False
96,0.0011820000000852815,4.9411764705882355,99.99978045751433,False
97,0.0011779999999816937,4.9411764705882355,99.99978045751433,False
98,0.0041509999999789216,-4.43859649122807,99.99978045751433,False
99,0.0024149999999281135,-0.9375,99.99978045751433,False
100,0.0018190000000686268,-0.9166666666666666,99.99978045751433,False
101,0.0014730000000326982,4.9411764705882355,99.99978045751433,False
102,0.0014409999999998035,5.3125,99.99978045751433,False
103,0.0022940000000062355,3.8095238095238093,99.99978045751433,False
104,0.001132999999981621,5.3125,99.99978045751433,False
105,0.001209000000017113,4.9411764705882355,99.99978045751433,False
106,0.0013380000000324799,4.315789473684211,99.99978045751433,False
107,0.009376999999972213,-3.0638297872340425,99.99978045751433,False
108,0.0023570000000745495,4.05,99.99978045751433,False
109,0.0031390000000328655,4.315789473684211,99.99978045751433,False
110,0.006163000000015018,-3.8823529411764706,99.99978045751433,False
111,0.001521999999908985,3.590909090909091,99.99978045751433,False
112,0.0014249999999265128,4.315789473684211,99.99978045751433,False
113,0.0023940000000948203,-4.129032258064516,99.99978045751433,False
114,0.003747999999973217,-2.7962962962962963,99.99978045751433,False
115,0.0013989999999921565,4.9411764705882355,99.99978045751433,False
116,0.002050000000053842,-0.9,99.99978045751433,False
117,0.0012370000000601067,4.9411764705882355,99.99978045751433,False
118,0.0011230000000068685,5.3125,99.99978045751433,False
119,0.0017880000000332075,4.611111111111111,99.99978045751433,False
120,0.001213000000007014,4.9411764705882355,99.99978045751433,False
121,0.010335000000054606,-4.322033898305085,99.99978045751433,False
122,0.002492999999958556,-0.9444444444444444,99.99978045751433,False
123,0.0038000000000693035,-2.7636363636363637,99.99978045751433,False
124,0.005285999999955493,-0.9473684210526315,99.99978045751433,False
125,0.001090999999973974,5.733333333333333,99.99978045751433,False
126,0.0022060000000010405,-4.03125,99.99978045751433,False
127,0.0030679999999847496,-5.558139534883721,99.99978045751433,False
128,0.0011160000000245418,-0.875,99.99978045751433,False
129,0.0010399999999890497,5.733333333333333,99.99978045751433,False
130,0.0014499999999770807,-0.9047619047619048,99.99978045751433,False
131,0.002903000000060274,-5.9,99.99978045751433,False
132,0.0032390000000077634,-3.108695652173913,99.99978045751433,False
133,0.0013199999999642387,4.9411764705882355,99.99978045751433,False
134,0.0027239999999437714,-3.9393939393939394,99.99978045751433,False
135,0.003058000000009997,-0.9523809523809523,99.99978045751433,False
136,0.0011869999999589709,5.3125,99.99978045751433,False
137,0.0022179999999707434,-0.9310344827586207,99.99978045751433,False
138,0.00456500000007054,-2.4477611940298507,99.99978045751433,False
139,0.0010609999999360298,5.733333333333333,99.99978045751433,False
140,0.0018190000000686268,-0.9130434782608695,99.99978045751433,False
141,0.001527000000010048,-0.9090909090909091,99.99978045751433,False
142,0.004083000000036918,-4.266666666666667,99.99978045751433,False
143,0.002553999999918233,-0.9411764705882353,99.99978045751433,False
144,0.0018049999999902866,2.8846153846153846,99.99978045751433,False
145,0.0011809999999741194,4.9411764705882355,99.99978045751433,False
146,0.0020090000000436703,-0.9310344827586207,99.99978045751433,False
147,0.0050130000000763175,-5.46969696969697,99.99978045751433,False
148,0.001262999999994463,5.733333333333333,99.99978045751433,False
149,0.003680000000031214,-0.9393939393939394,99.99978045751433,False
150,0.0027460000000019136,-0.9,99.99978045751433,False
151,0.0042180000000371365,-0.9375,99.99978045751433,False
152,0.0020470000000614164,5.733333333333333,99.99978045751433,False
153,0.004147999999986496,-0.9411764705882353,99.99978045751433,False
154,0.0011180000000194923,-0.875,99.99978045751433,False
155,0.0014400000000023283,3.8095238095238093,99.99978045751433,False
156,0.0011690000000044165,4.9411764705882355,99.99978045751433,False
157,0.002375000000029104,4.611111111111111,99.99978045751433,False
158,0.00211699999999837,4.9411764705882355,99.99978045751433,False
159,0.0016960000000381115,4.9411764705882355,99.99978045751433,False
160,0.0016660000000001673,-0.9047619047619048,99.99978045751433,False
161,0.0012650000001031003,4.9411764705882355,99.99978045751433,False
162,0.0015449999999646025,3.590909090909091,99.99978045751433,False
163,0.0032800000000179352,-0.9534883720930233,99.99978045751433,False
164,0.0013360000000375294,4.315789473684211,99.99978045751433,False
165,0.0025819999999612264,-3.5526315789473686,99.99978045751433,False
166,0.0011739999999917927,4.9411764705882355,99.99978045751433,False
167,0.002186999999935324,-0.9285714285714286,99.99978045751433,False
168,0.00447600000006787,-0.9565217391304348,99.99978045751433,False
169,0.0027319999999235733,3.8095238095238093,99.99978045751433,False
170,0.002905999999939013,3.590909090909091,99.99978045751433,False
171,0.001928000000020802,5.3125,99.99978045751433,False
172,0.00898199999994631,-0.9354838709677419,99.99978045751433,False
173,0.002420999999912965,-0.9047619047619048,99.99978045751433,False
174,0.0022740000000567306,4.05,99.99978045751433,False
175,0.0018430000000080327,4.9411764705882355,99.99978045751433,False
176,0.0049119999999902575,3.2083333333333335,99.99978045751433,False
177,0.003480000000081418,-0.95,99.99978045751433,False
178,0.0013860000000249784,4.05,99.99978045751433,False
179,0.0024290000000064538,-0.9354838709677419,99.99978045751433,False
180,0.0011849999999640204,4.9411764705882355,99.99978045751433,False
181,0.0014210000000502987,4.05,99.99978045751433,False
182,0.0023149999999532156,4.611111111111111,99.99978045751433,False
183,0.0051539999999477,-3.1555555555555554,99.99978045751433,False
184,0.0018410000000130822,5.3125,99.99978045751433,False
185,0.002856000000065251,-0.9259259259259259,99.99978045751433,False
186,0.002631000000064887,-0.9310344827586207,99.99978045751433,False
187,0.0012099999999009015,5.733333333333333,99.99978045751433,False
188,0.002744000000006963,5.733333333333333,99.99978045751433,False
189,0.004478000000062821,-0.875,99.99978045751433,False
190,0.0014709999999240608,4.9411764705882355,99.99978045751433,False
191,0.0019879999999830034,-0.9285714285714286,99.99978045751433,False
192,0.0010419999999840002,5.733333333333333,99.99978045751433,False
193,0.0037330000000110886,5.733333333333333,99.99978045751433,False
194,0.0026300000000674117,-4.129032258064516,99.99978045751433,False
195,0.0014489999999796055,5.3125,99.99978045751433,False
196,0.0014790000000175496,3.8095238095238093,99.99978045751433,False
197,0.0011139999999159045,5.3125,99.99978045751433,False
198,0.0013099999999894862,4.315789473684211,99.99978045751433,False
199,0.001036999999996624,5.733333333333333,99.99978045751433,False
200,0.0017579999999952634,5.733333333333333,99.99978045751433,False
201,0.002207999999995991,4.9411764705882355,99.99978045751433,False
202,0.003543000000036045,-0.9310344827586207,99.99978045751433,False
203,0.002177999999958047,4.9411764705882355,99.99978045751433,False
204,0.0024070000000619984,4.611111111111111,99.99978045751433,False
205,0.0048750000000836735,-2.7962962962962963,99.99978045751433,False
206,0.005959999999959109,-0.9428571428571428,99.99978045751433,False
207,0.0040589999999838255,5.733333333333333,99.99978045751433,False
208,0.0018319999999221181,5.733333333333333,99.99978045751433,False
209,0.0034899999999424836,5.733333333333333,99.99978045751433,False
210,0.0017540000000053624,5.733333333333333,99.99978045751433,False
211,0.0010529999999562278,5.733333333333333,99.99978045751433,False
212,0.0011299999999891952,5.733333333333333,99.99978045751433,False
213,0.00130500000000211,5.733333333333333,99.99978045751433,False
214,0.0022109999999884167,-0.9375,99.99978045751433,False
215,0.0014829999998937637,4.9411764705882355,99.99978045751433,False
216,0.0020419999999603533,4.9411764705882355,99.99978045751433,False
217,0.0018220000000610526,5.733333333333333,99.99978045751433,False
218,0.0018959999999879074,5.3125,99.99978045751433,False
219,0.0022030000000086147,4.315789473684211,99.99978045751433,False
220,0.0020509999999376305,4.9411764705882355,99.99978045751433,False
221,0.00171100000000024,5.733333333333333,99.99978045751433,False
222,0.0018789999999171414,3.391304347826087,99.99978045751433,False
223,0.0012100000000145883,4.9411764705882355,99.99978045751433,False
224,0.0011520000000473374,5.3125,99.99978045751433,False
225,0.006889999999998508,-0.9459459459459459,99.99978045751433,False
226,0.002597000000037042,5.3125,99.99978045751433,False
227,0.0019439999999804058,4.9411764705882355,99.99978045751433,False
228,0.007689999999911379,-3.108695652173913,99.99978045751433,False
229,0.001205000000027212,4.9411764705882355,99.99978045751433,False
230,0.0014710000000377477,4.9411764705882355,99.99978045751433,False
231,0.0014039999999795327,5.733333333333333,99.99978045751433,False
232,0.0035739999999577776,-0.9393939393939394,99.99978045751433,False
233,0.003955000000019027,-0.9444444444444444,99.99978045751433,False
234,0.002313000000071952,4.315789473684211,99.99978045751433,False
235,0.0026040000000193686,3.590909090909091,99.99978045751433,False
236,0.0012269999999716674,4.9411764705882355,99.99978045751433,False
237,0.0014619999999467836,4.315789473684211,99.99978045751433,False
238,0.0012530000000197106,4.9411764705882355,99.99978045751433,False
239,0.003413000000023203,-0.9354838709677419,99.99978045751433,False
240,0.0010910000000876607,5.733333333333333,99.99978045751433,False
241,0.0022310000000516084,-0.9375,99.99978045751433,False
242,0.004153999999971347,4.611111111111111,99.99978045751433,False
243,0.0033740000000079817,5.733333333333333,99.99978045751433,False
244,0.0015350000001035369,4.9411764705882355,99.99978045751433,False
245,0.0012009999999236243,5.733333333333333,99.99978045751433,False
246,0.0011259999999992942,5.3125,99.99978045751433,False
247,0.0011970000000474101,4.9411764705882355,99.99978045751433,False
248,0.0010429999999814754,5.733333333333333,99.99978045751433,False
249,0.002792999999996937,-0.9444444444444444,99.99978045751433,False
250,0.0037070000000767322,-2.830188679245283,99.99978045751433,False
251,0.005207000000041262,-0.8888888888888888,99.99978045751433,False
252,0.004017999999973654,-0.9428571428571428,99.99978045751433,False
253,0.0013119999999844367,4.9411764705882355,99.99978045751433,False
254,0.0015280000000075233,4.9411764705882355,99.99978045751433,False
255,0.0015000000000782165,5.733333333333333,99.99978045751433,False
256,0.0026189999999814972,-0.9354838709677419,99.99978045751433,False
257,0.0010609999999360298,5.733333333333333,99.99978045751433,False
258,0.0010809999999992215,5.733333333333333,99.99978045751433,False
259,0.006078000000002248,-3.2045454545454546,99.99978045751433,False
260,0.0037250000000312866,5.3125,99.99978045751433,False
261,0.0015550000000530417,4.315789473684211,99.99978045751433,False
262,0.0014579999999568827,4.315789473684211,99.99978045751433,False
263,0.001107999999931053,5.3125,99.99978045751433,False
264,0.0012410000000500077,4.611111111111111,99.99978045751433,False
265,0.0018929999999954816,3.8095238095238093,99.99978045751433,False
266,0.0012580000000070868,4.611111111111111,99.99978045751433,False
267,0.003153999999994994,-3.108695652173913,99.99978045751433,False
268,0.006249000000025262,-3.255813953488372,99.99978045751433,False
269,0.0028839999999945576,-0.9310344827586207,99.99978045751433,False
270,0.0013820000000350774,4.315789473684211,99.99978045751433,False
271,0.0037280000000237123,-0.9523809523809523,99.99978045751433,False
272,0.002969000000007327,-3.7714285714285714,99.99978045751433,False
273,0.0014529999999695065,4.315789473684211,99.99978045751433,False
274,0.0012189999999918655,5.733333333333333,99.99978045751433,False
275,0.0017950000000155342,4.9411764705882355,99.99978045751433,False
276,0.0028499999999667125,4.315789473684211,99.99978045751433,False
277,0.0029350000000931686,5.733333333333333,99.99978045751433,False
278,0.0027460000000019136,4.9411764705882355,99.99978045751433,False
279,0.0013410000000249056,4.315789473684211,99.99978045751433,False
280,0.0013979999999946813,4.315789473684211,99.99978045751433,False
281,0.0011739999999917927,4.9411764705882355,99.99978045751433,False
282,0.0016069999999217544,5.733333333333333,99.99978045751433,False
283,0.0011190000000169675,5.3125,99.99978045751433,False
284,0.0013250000000653017,4.315789473684211,99.99978045751433,False
285,0.0013149999999768625,4.315789473684211,99.99978045751433,False
286,0.0013020000000096843,5.3125,99.99978045751433,False
287,0.002430000000003929,-0.9285714285714286,99.99978045751433,False
288,0.005148000000076536,4.05,99.99978045751433,False
289,0.0015539999999418797,5.733333333333333,99.99978045751433,False
290,0.0014919999999847278,5.733333333333333,99.99978045751433,False
291,0.0017119999999977153,4.9411764705882355,99.99978045751433,False
292,0.001502000000073167,5.733333333333333,99.99978045751433,False
293,0.0014999999999645297,5.733333333333333,99.99978045751433,False
294,0.00128400000005513,5.733333333333333,99.99978045751433,False
295,0.0013910000000123546,4.611111111111111,99.99978045751433,False
296,0.0014079999999694337,5.733333333333333,99.99978045751433,False
297,0.003438000000073771,4.315789473684211,99.99978045751433,False
298,0.005671000000006643,5.3125,99.99978045751433,False
299,0.002345999999988635,5.3125,99.99978045751433,False
300,0.004713000000037937,5.3125,99.99978045751433,False
301,0.0014230000000452492,4.05,99.99978045751433,False
302,0.0022010000000136642,-0.9130434782608695,99.99978045751433,False
303,0.0012850000000526052,5.733333333333333,99.99978045751433,False
304,0.0033680000000231303,-0.9428571428571428,99.99978045751433,False
305,0.0015040000000681175,5.733333333333333,99.99978045751433,False
306,0.0017050000000153887,5.733333333333333,99.99978045751433,False
307,0.001542999999969652,5.733333333333333,99.99978045751433,False
308,0.001782000000048356,4.9411764705882355,99.99978045751433,False
309,0.0037919999999758147,-0.9393939393939394,99.99978045751433,False
310,0.0016550000000279397,5.733333333333333,99.99978045751433,False
311,0.0010590000000547661,5.733333333333333,99.99978045751433,False
312,0.001622999999995045,4.9411764705882355,99.99978045751433,False
313,0.005583999999998923,-2.4923076923076923,99.99978045751433,False
314,0.0051130000000512155,3.391304347826087,99.99978045751433,False
315,0.002200000000016189,5.733333333333333,99.99978045751433,False
316,0.0032139999999571955,-3.3095238095238093,99.99978045751433,False
317,0.0014320000000225264,4.05,99.99978045751433,False
318,0.0017950000000155342,-0.9230769230769231,99.99978045751433,False
319,0.0015030000000706423,4.9411764705882355,99.99978045751433,False
320,0.0012900000000399814,4.611111111111111,99.99978045751433,False
321,0.0011929999999438223,4.9411764705882355,99.99978045751433,False
322,0.0013219999999591892,4.315789473684211,99.99978045751433,False
323,0.0015200000000277214,4.315789473684211,99.99978045751433,False
324,0.004920999999967535,4.9411764705882355,99.99978045751433,False
325,0.0022189999999682186,4.9411764705882355,99.99978045751433,False
326,0.0020690000000058717,-0.9310344827586207,99.99978045751433,False
327,0.004123000000049615,-0.95,99.99978045751433,False
328,0.002619000000095184,-0.9428571428571428,99.99978045751433,False
329,0.0031709999999520733,-0.9555555555555556,99.99978045751433,False
330,0.00223700000003646,4.611111111111111,99.99978045751433,False
331,0.004455000000007203,5.733333333333333,99.99978045751433,False
332,0.002258999999980915,5.733333333333333,99.99978045751433,False
333,0.0015829999999823485,5.733333333333333,99.99978045751433,False
334,0.001734999999939646,5.3125,99.99978045751433,False
335,0.0014370000000099026,5.733333333333333,99.99978045751433,False
336,0.0010439999999789507,5.733333333333333,99.99978045751433,False
337,0.0010400000001027365,5.733333333333333,99.99978045751433,False
338,0.0014869999999973516,5.733333333333333,99.99978045751433,False
339,0.0017439999999169231,4.9411764705882355,99.99978045751433,False
340,0.0017119999999977153,4.9411764705882355,99.99978045751433,False
341,0.004230000000006839,4.05,99.99978045751433,False
342,0.0020130000000335713,5.733333333333333,99.99978045751433,False
343,0.002288000000021384,5.3125,99.99978045751433,False
344,0.0016990000000305372,5.3125,99.99978045751433,False
345,0.0020639999999048086,4.9411764705882355,99.99978045751433,False
346,0.001079000000004271,5.733333333333333,99.99978045751433,False
347,0.0012540000000171858,4.9411764705882355,99.99978045751433,False
348,0.0011560000000372384,5.3125,99.99978045751433,False
349,0.0013860000000249784,5.733333333333333,99.99978045751433,False
350,0.0010600000000522414,5.733333333333333,99.99978045751433,False
351,0.0013359999999238426,4.9411764705882355,99.99978045751433,False
352,0.0025699999999915235,-3.6216216216216215,99.99978045751433,False
353,0.002743000000009488,5.733333333333333,99.99978045751433,False
354,0.0030499999999165084,4.9411764705882355,99.99978045751433,False
355,0.002856000000065251,4.315789473684211,99.99978045751433,False
356,0.001213000000007014,5.733333333333333,99.99978045751433,False
357,0.0011849999999640204,4.9411764705882355,99.99978045751433,False
358,0.0011060000000497894,5.3125,99.99978045751433,False
359,0.0012609999999995125,4.9411764705882355,99.99978045751433,False
360,0.001099999999951251,5.733333333333333,99.99978045751433,False
361,0.0010530000000699147,5.733333333333333,99.99978045751433,False
362,0.0019260000000258515,3.590909090909091,99.99978045751433,False
363,0.004927999999949861,4.9411764705882355,99.99978045751433,False
364,0.0016879999999446227,5.3125,99.99978045751433,False
365,0.0017990000000054351,5.733333333333333,99.99978045751433,False
366,0.0018390000000181317,5.3125,99.99978045751433,False
367,0.0019509999999627325,4.9411764705882355,99.99978045751433,False
368,0.0042680000000245855,-0.9473684210526315,99.99978045751433,False
369,0.0012460000000373839,4.9411764705882355,99.99978045751433,False
370,0.0012030000000322616,5.733333333333333,99.99978045751433,False
371,0.0014669999999341599,5.3125,99.99978045751433,False
372,0.0015260000000125729,5.733333333333333,99.99978045751433,False
373,0.0017629999999826396,5.733333333333333,99.99978045751433,False
374,0.0018390000000181317,4.9411764705882355,99.99978045751433,False
375,0.0014400000000023283,5.733333333333333,99.99978045751433,False
376,0.009705999999937376,-3.7714285714285714,99.99978045751433,False
377,0.011212999999997919,-2.2933333333333334,99.99978045751433,False
378,0.0016699999999900683,5.733333333333333,99.99978045751433,False
379,0.0017380000000457585,5.3125,99.99978045751433,False
380,0.001952999999957683,4.315789473684211,99.99978045751433,False
381,0.001797999999894273,5.733333333333333,99.99978045751433,False
382,0.002395999999976084,4.05,99.99978045751433,False
383,0.0016369999999596985,4.9411764705882355,99.99978045751433,False
384,0.0011640000000170403,5.733333333333333,99.99978045751433,False
385,0.0018670000000611253,5.733333333333333,99.99978045751433,False
386,0.0023530000000846485,3.8095238095238093,99.99978045751433,False
387,0.003719000000046435,-6.0256410256410255,99.99978045751433,False
388,0.0014179999999441861,4.611111111111111,99.99978045751433,False
389,0.0019770000000107757,4.9411764705882355,99.99978045751433,False
390,0.00179800000000796,5.733333333333333,99.99978045751433,False
391,0.0017029999999067513,5.733333333333333,99.99978045751433,False
392,0.0011640000000170403,5.3125,99.99978045751433,False
393,0.0025610000000142463,4.315789473684211,99.99978045751433,False
394,0.01084200000002511,-0.9354838709677419,99.99978045751433,False
395,0.005975999999918713,4.9411764705882355,99.99978045751433,False
396,0.01061800000002222,4.315789473684211,99.99978045751433,False
397,0.0029170000000249274,-0.8823529411764706,99.99978045751433,False
398,0.0021729999999706706,5.733333333333333,99.99978045751433,False
399,0.008071000000086315,-4.233333333333333,99.99978045751433,False
400,0.00417800000002444,5.733333333333333,99.99978045751433,False
401,0.00281900000004498,5.3125,99.99978045751433,False
402,0.010753000000022439,-2.9019607843137254,99.99978045751433,False
403,0.003672000000051412,5.733333333333333,99.99978045751433,False
404,0.0037280000000237123,4.9411764705882355,99.99978045751433,False
405,0.0022160000000894797,4.9411764705882355,99.99978045751433,False
406,0.0055559999999559295,4.9411764705882355,99.99978045751433,False
407,0.003621999999950276,5.733333333333333,99.99978045751433,False
408,0.00403700000003937,5.733333333333333,99.99978045751433,False
409,0.006357999999977437,4.9411764705882355,99.99978045751433,False
410,0.005227999999988242,5.3125,99.99978045751433,False
411,0.0016630000000077416,5.733333333333333,99.99978045751433,False
412,0.0039760000000796936,4.9411764705882355,99.99978045751433,False
413,0.006175999999982196,4.315789473684211,99.99978045751433,False
414,0.0055310000000190485,-0.9354838709677419,99.99978045751433,False
415,0.0016030000000455402,5.733333333333333,99.99978045751433,False
416,0.0033640000000332293,4.9411764705882355,99.99978045751433,False
417,0.005094999999982974,-0.9333333333333333,99.99978045751433,False
418,0.0012560000000121363,5.3125,99.99978045751433,False
419,0.0039039999999204156,4.9411764705882355,99.99978045751433,False
420,0.003072999999972126,4.9411764705882355,99.99978045751433,False
421,0.001853000000096472,5.3125,99.99978045751433,False
422,0.0031249999999545253,4.611111111111111,99.99978045751433,False
423,0.005734999999958745,5.733333333333333,99.99978045751433,False
424,0.0033740000000079817,4.315789473684211,99.99978045751433,False
425,0.004400999999916166,4.05,99.99978045751433,False
426,0.002693000000022039,5.733333333333333,99.99978045751433,False
427,0.005154000000061387,4.05,99.99978045751433,False
428,0.004946000000018103,5.733333333333333,99.99978045751433,False
429,0.006425000000035652,-0.9333333333333333,99.99978045751433,False
430,0.0015240000000176224,4.9411764705882355,99.99978045751433,False
431,0.0036780000000362634,5.733333333333333,99.99978045751433,False
432,0.0034609999999020147,5.733333333333333,99.99978045751433,False
433,0.0018299999999271677,5.733333333333333,99.99978045751433,False
434,0.0014320000000225264,4.315789473684211,99.99978045751433,False
435,0.0037839999999960128,5.733333333333333,99.99978045751433,False
436,0.003539000000046144,4.315789473684211,99.99978045751433,False
437,0.0038779999999860593,5.3125,99.99978045751433,False
438,0.002856000000065251,5.3125,99.99978045751433,False
439,0.009794999999940046,-2.7636363636363637,99.99978045751433,False
440,0.0017500000000154614,5.733333333333333,99.99978045751433,False
441,0.0012159999999994398,4.9411764705882355,99.99978045751433,False
442,0.00437499999998181,4.315789473684211,99.99978045751433,False
443,0.0015880000000834116,4.315789473684211,99.99978045751433,False
444,0.004132000000026892,4.05,99.99978045751433,False
445,0.0013320000000476284,5.3125,99.99978045751433,False
446,0.0037080000000742075,5.733333333333333,99.99978045751433,False
447,0.003260999999952219,4.315789473684211,99.99978045751433,False
448,0.0011560000000372384,5.3125,99.99978045751433,False
449,0.0021550000000161162,5.733333333333333,99.99978045751433,False
450,0.007930999999985033,-0.9459459459459459,99.99978045751433,False
451,0.0012869999999338688,5.733333333333333,99.99978045751433,False
452,0.003133000000048014,5.733333333333333,99.99978045751433,False
453,0.004007000000001426,5.733333333333333,99.99978045751433,False
454,0.003945999999928063,4.9411764705882355,99.99978045751433,False
455,0.0019060000000763466,4.9411764705882355,99.99978045751433,False
456,0.002287000000023909,5.733333333333333,99.99978045751433,False
457,0.0032360000000153377,4.05,99.99978045751433,False
458,0.007373000000029606,-0.9310344827586207,99.99978045751433,False
459,0.0031520000000000437,5.733333333333333,99.99978045751433,False
460,0.0027169999999614447,4.9411764705882355,99.99978045751433,False
461,0.006515000000035798,-0.9375,99.99978045751433,False
462,0.0025190000000065993,5.3125,99.99978045751433,False
463,0.0012070000000221626,5.733333333333333,99.99978045751433,False
464,0.0036020000000007713,4.611111111111111,99.99978045751433,False
465,0.0019250000000283762,5.3125,99.99978045751433,False
466,0.004457999999999629,4.9411764705882355,99.99978045751433,False
467,0.004483999999933985,-0.9333333333333333,99.99978045751433,False
468,0.0016409999999495994,4.315789473684211,99.99978045751433,False
469,0.003275000000030559,5.733333333333333,99.99978045751433,False
470,0.0013989999999921565,5.733333333333333,99.99978045751433,False
471,0.005062000000066291,5.733333333333333,99.99978045751433,False
472,0.002746999999999389,5.733333333333333,99.99978045751433,False
473,0.0040709999999535285,-0.9310344827586207,99.99978045751433,False
474,0.0021990000000187138,5.3125,99.99978045751433,False
475,0.002718999999956395,4.9411764705882355,99.99978045751433,False
476,0.002104000000031192,5.733333333333333,99.99978045751433,False
477,0.007189000000039414,-2.9019607843137254,99.99978045751433,False
478,0.00333299999999781,5.733333333333333,99.99978045751433,False
479,0.0024290000000064538,5.733333333333333,99.99978045751433,False
480,0.0018519999999853098,4.9411764705882355,99.99978045751433,False
481,0.005358000000001084,5.733333333333333,99.99978045751433,False
482,0.003802000000064254,4.315789473684211,99.99978045751433,False
483,0.0036670000000640357,5.733333333333333,99.99978045751433,False
484,0.0016079999999192296,5.3125,99.99978045751433,False
485,0.010003999999980806,-0.9444444444444444,99.99978045751433,False
486,0.005296999999927721,-0.9411764705882353,99.99978045751433,False
487,0.002066000000013446,5.733333333333333,99.99978045751433,False
488,0.007868000000030406,-3.3658536585365852,99.99978045751433,False
489,0.0033940000000711734,4.611111111111111,99.99978045751433,False
490,0.002077999999983149,5.733333333333333,99.99978045751433,False
491,0.0050539999999728025,-0.9375,99.99978045751433,False
492,0.0024280000000089785,5.733333333333333,99.99978045751433,False
493,0.005344000000036431,4.315789473684211,99.99978045751433,False
494,0.00276500000006763,5.733333333333333,99.99978045751433,False
495,0.002962000000025,5.733333333333333,99.99978045751433,False
496,0.005536000000006425,-0.9393939393939394,99.99978045751433,False
497,0.003926999999976033,4.611111111111111,99.99978045751433,False
498,0.003754999999955544,5.733333333333333,99.99978045751433,False
499,0.015701000000035492,-2.2278481012658227,99.99978045751433,False
500,0.0012179999999943902,4.9411764705882355,99.99978045751433,False
501,0.0012729999999692154,5.733333333333333,99.99978045751433,False
502,0.0025790000000824875,5.733333333333333,99.99978045751433,False
503,0.004195999999978994,5.733333333333333,99.99978045751433,False
504,0.003671999999937725,5.733333333333333,99.99978045751433,False
505,0.0016479999999319261,4.9411764705882355,99.99978045751433,False
506,0.0031549999999924694,-0.9310344827586207,99.99978045751433,False
507,0.004463000000100692,4.611111111111111,99.99978045751433,False
508,0.004486999999926411,4.9411764705882355,99.99978045751433,False
509,0.0012920000000349319,5.733333333333333,99.99978045751433,False
510,0.0015939999999545762,4.315789473684211,99.99978045751433,False
511,0.0021799999999529973,5.3125,99.99978045751433,False
512,0.006465000000048349,4.9411764705882355,99.99978045751433,False
513,0.009775999999988016,-3.0631578947368423,99.99978045751433,False
514,0.0020039999999426072,4.9411764705882355,99.99978045751433,False
515,0.0013920000000098298,5.733333333333333,99.99978045751433,False
516,0.001422000000047774,4.9411764705882355,99.99978045751433,False
517,0.0012769999999591164,5.733333333333333,99.99978045751433,False
518,0.0022060000000010405,5.3125,99.99978045751433,False
519,0.003521999999975378,-0.9375,99.99978045751433,False
520,0.0012520000000222353,5.3125,99.99978045751433,False
521,0.0014800000000150249,5.733333333333333,99.99978045751433,False
522,0.003908000000024003,-0.9591836734693877,99.99978045751433,False
523,0.002078999999980624,5.733333333333333,99.99978045751433,False
524,0.004605000000083237,-0.9565217391304348,99.99978045751433,False
525,0.0018129999999700885,4.9411764705882355,99.99978045751433,False
526,0.001057999999943604,5.733333333333333,99.99978045751433,False
527,0.0011810000000878063,4.9411764705882355,99.99978045751433,False
528,0.001040999999986525,5.733333333333333,99.99978045751433,False
529,0.0010419999999840002,5.733333333333333,99.99978045751433,False
530,0.0012219999999842912,5.733333333333333,99.99978045751433,False
531,0.0013729999999441134,5.733333333333333,99.99978045751433,False
532,0.0018139999999675638,5.733333333333333,99.99978045751433,False
533,0.0013259999999490901,5.733333333333333,99.99978045751433,False
534,0.0010530000000699147,5.733333333333333,99.99978045751433,False
535,0.0016280000000961081,4.9411764705882355,99.99978045751433,False
536,0.0010569999999461288,5.733333333333333,99.99978045751433,False
537,0.001046000000087588,5.733333333333333,99.99978045751433,False
538,0.0012899999999262945,4.611111111111111,99.99978045751433,False
539,0.0011739999999917927,4.9411764705882355,99.99978045751433,False
540,0.0015529999999444044,5.733333333333333,99.99978045751433,False
541,0.001170999999999367,5.733333333333333,99.99978045751433,False
542,0.0013159999999743377,5.733333333333333,99.99978045751433,False
543,0.0013179999999692882,5.733333333333333,99.99978045751433,False
544,0.0012750000000778527,5.733333333333333,99.99978045751433,False
545,0.001241999999933796,5.3125,99.99978045751433,False
546,0.0010450000000901127,5.733333333333333,99.99978045751433,False
547,0.0030499999999165084,-3.1555555555555554,99.99978045751433,False
548,0.001752000000010412,4.9411764705882355,99.99978045751433,False
549,0.0010660000000370928,5.733333333333333,99.99978045751433,False
550,0.0013199999999642387,5.733333333333333,99.99978045751433,False
551,0.001527000000010048,-0.875,99.99978045751433,False
552,0.0012670000000980508,5.3125,99.99978045751433,False
553,0.0016800000000785076,4.611111111111111,99.99978045751433,False
554,0.0020060000000512446,-0.9285714285714286,99.99978045751433,False
555,0.0011859999999614956,4.9411764705882355,99.99978045751433,False
556,0.0011570000000347136,5.3125,99.99978045751433,False
557,0.0015889999999672,5.733333333333333,99.99978045751433,False
558,0.0010439999999789507,5.733333333333333,99.99978045751433,False
559,0.001057999999943604,5.733333333333333,99.99978045751433,False
560,0.0014139999999542852,5.733333333333333,99.99978045751433,False
561,0.001262999999994463,5.733333333333333,99.99978045751433,False
562,0.001564000000030319,5.733333333333333,99.99978045751433,False
563,0.001117000000022017,5.3125,99.99978045751433,False
564,0.0011120000000346408,5.3125,99.99978045751433,False
565,0.001170999999999367,4.9411764705882355,99.99978045751433,False
566,0.001312999999981912,-0.8947368421052632,99.99978045751433,False
567,0.0029340000000956934,-0.9393939393939394,99.99978045751433,False
568,0.0010569999999461288,5.733333333333333,99.99978045751433,False
569,0.0014119999999593347,4.9411764705882355,99.99978045751433,False
570,0.0017830000000458313,5.733333333333333,99.99978045751433,False
571,0.0013119999999844367,5.733333333333333,99.99978045751433,False
572,0.001404999999977008,4.611111111111111,99.99978045751433,False
573,0.0011669999998957792,5.733333333333333,99.99978045751433,False
574,0.0013910000000123546,-0.8888888888888888,99.99978045751433,False
575,0.001924000000030901,4.9411764705882355,99.99978045751433,False
576,0.0010510000000749642,5.733333333333333,99.99978045751433,False
577,0.0015319999999974243,3.590909090909091,99.99978045751433,False
578,0.004008999999996377,-3.3658536585365852,99.99978045751433,False
579,0.0012189999999918655,4.9411764705882355,99.99978045751433,False
580,0.0011200000000144428,5.3125,99.99978045751433,False
581,0.001079000000004271,5.733333333333333,99.99978045751433,False
582,0.0010419999999840002,5.733333333333333,99.99978045751433,False
583,0.0018450000000029831,4.611111111111111,99.99978045751433,False
584,0.0010550000000648652,5.733333333333333,99.99978045751433,False
585,0.0010519999999587526,5.733333333333333,99.99978045751433,False
586,0.0010439999999789507,5.733333333333333,99.99978045751433,False
587,0.001276000000075328,5.733333333333333,99.99978045751433,False
588,0.0016920000000482105,5.733333333333333,99.99978045751433,False
589,0.002083000000084212,-4.464285714285714,99.99978045751433,False
590,0.0010509999999612774,5.733333333333333,99.99978045751433,False
591,0.0010469999999713764,5.733333333333333,99.99978045751433,False
592,0.001442999999994754,5.733333333333333,99.99978045751433,False
593,0.0012319999999590436,5.3125,99.99978045751433,False
594,0.0011200000000144428,5.3125,99.99978045751433,False
595,0.0034200000000055297,-0.96,99.99978045751433,False
596,0.0018749999999272404,5.733333333333333,99.99978045751433,False
597,0.0013740000000552754,5.733333333333333,99.99978045751433,False
598,0.0010479999999688516,5.733333333333333,99.99978045751433,False
599,0.0010410000001002118,5.733333333333333,99.99978045751433,False
600,0.00107500000001437,5.733333333333333,99.99978045751433,False
601,0.0015190000000302462,5.3125,99.99978045751433,False
602,0.001192000000060034,4.9411764705882355,99.99978045751433,False
603,0.0010479999999688516,5.733333333333333,99.99978045751433,False
604,0.0013020000000096843,4.9411764705882355,99.99978045751433,False
605,0.00324599999999009,-0.9354838709677419,99.99978045751433,False
606,0.004850000000033106,-0.9682539682539683,99.99978045751433,False
607,0.002575999999976375,-0.9310344827586207,99.99978045751433,False
608,0.0010660000000370928,5.733333333333333,99.99978045751433,False
609,0.0010389999999915744,5.733333333333333,99.99978045751433,False
610,0.001242000000047483,4.611111111111111,99.99978045751433,False
611,0.0010689999999158317,5.733333333333333,99.99978045751433,False
612,0.0016719999999850188,5.733333333333333,99.99978045751433,False
613,0.001538999999979751,5.3125,99.99978045751433,False
614,0.0011939999999412976,4.9411764705882355,99.99978045751433,False
615,0.0023230000000467044,-0.9354838709677419,99.99978045751433,False
616,0.0014199999999391366,4.611111111111111,99.99978045751433,False
617,0.0011830000000827567,4.9411764705882355,99.99978045751433,False
618,0.0010489999999663269,5.733333333333333,99.99978045751433,False
619,0.0023810000000139553,-0.9428571428571428,99.99978045751433,False
620,0.0014750000000276486,5.733333333333333,99.99978045751433,False
621,0.0017930000000205837,4.9411764705882355,99.99978045751433,False
622,0.0012809999999490174,5.733333333333333,99.99978045751433,False
623,0.0010470000000850632,5.733333333333333,99.99978045751433,False
624,0.001722999999969943,5.733333333333333,99.99978045751433,False
625,0.0012019999999210995,5.3125,99.99978045751433,False
626,0.004344000000060078,-0.967741935483871,99.99978045751433,False
627,0.002198999999905027,4.315789473684211,99.99978045751433,False
628,0.004286999999976615,-0.9591836734693877,99.99978045751433,False
629,0.0014019999999845822,4.9411764705882355,99.99978045751433,False
630,0.0014330000000200016,4.611111111111111,99.99978045751433,False
631,0.0010470000000850632,5.733333333333333,99.99978045751433,False
632,0.0010429999999814754,5.733333333333333,99.99978045751433,False
633,0.0011779999999816937,5.733333333333333,99.99978045751433,False
634,0.0013440000000173313,4.9411764705882355,99.99978045751433,False
635,0.0013460000000122818,4.9411764705882355,99.99978045751433,False
636,0.004521000000067943,-0.9622641509433962,99.99978045751433,False
637,0.0016409999999495994,5.733333333333333,99.99978045751433,False
638,0.0010609999999360298,5.733333333333333,99.99978045751433,False
639,0.0010560000000623404,5.733333333333333,99.99978045751433,False
640,0.0010469999999713764,5.733333333333333,99.99978045751433,False
641,0.0011759999999867432,4.9411764705882355,99.99978045751433,False
642,0.0017909999999119464,4.315789473684211,99.99978045751433,False
643,0.001136999999971522,5.733333333333333,99.99978045751433,False
644,0.0010489999999663269,5.733333333333333,99.99978045751433,False
645,0.0015619999999216816,4.9411764705882355,99.99978045751433,False
646,0.0015080000000580185,5.733333333333333,99.99978045751433,False
647,0.0015250000000150976,5.733333333333333,99.99978045751433,False
648,0.0013319999999339416,4.315789473684211,99.99978045751433,False
649,0.0019300000000157524,-0.9285714285714286,99.99978045751433,False
650,0.0010479999999688516,5.733333333333333,99.99978045751433,False
651,0.0026960000000144646,-0.9354838709677419,99.99978045751433,False
652,0.0010480000000825385,5.733333333333333,99.99978045751433,False
653,0.0011009999999487263,5.733333333333333,99.99978045751433,False
654,0.0012910000000374566,5.733333333333333,99.99978045751433,False
655,0.0016279999999824213,5.733333333333333,99.99978045751433,False
656,0.001205000000027212,5.3125,99.99978045751433,False
657,0.001040999999986525,5.733333333333333,99.99978045751433,False
658,0.001040999999986525,5.733333333333333,99.99978045751433,False
659,0.0011660000000119908,4.9411764705882355,99.99978045751433,False
660,0.001159000000029664,5.3125,99.99978045751433,False
661,0.0014439999999922293,5.733333333333333,99.99978045751433,False
662,0.001057999999943604,5.733333333333333,99.99978045751433,False
663,0.001044999999976426,5.733333333333333,99.99978045751433,False
664,0.0010560000000623404,5.733333333333333,99.99978045751433,False
665,0.001527000000010048,5.733333333333333,99.99978045751433,False
666,0.0018979999999828578,5.733333333333333,99.99978045751433,False
667,0.0013330000000451037,4.315789473684211,99.99978045751433,False
668,0.0010559999999486536,5.733333333333333,99.99978045751433,False
669,0.001050000000077489,5.733333333333333,99.99978045751433,False
670,0.001366999999959262,4.9411764705882355,99.99978045751433,False
671,0.0013869999999087668,4.9411764705882355,99.99978045751433,False
672,0.0010519999999587526,5.733333333333333,99.99978045751433,False
673,0.0011930000000575092,5.733333333333333,99.99978045751433,False
674,0.0010569999999461288,5.733333333333333,99.99978045751433,False
675,0.0016779999999698703,5.733333333333333,99.99978045751433,False
676,0.0018559999999752108,4.9411764705882355,99.99978045751433,False
677,0.0011230000000068685,5.3125,99.99978045751433,False
678,0.0011089999999285283,5.3125,99.99978045751433,False
679,0.0010410000001002118,5.733333333333333,99.99978045751433,False
680,0.0020049999999400825,4.315789473684211,99.99978045751433,False
681,0.0010669999999208812,5.733333333333333,99.99978045751433,False
682,0.001188000000070133,4.9411764705882355,99.99978045751433,False
683,0.0013119999999844367,4.315789473684211,99.99978045751433,False
684,0.0011150000000270666,5.3125,99.99978045751433,False
685,0.003517999999985477,-0.9444444444444444,99.99978045751433,False
686,0.0012010000000373111,4.9411764705882355,99.99978045751433,False
687,0.0012960000000248328,4.9411764705882355,99.99978045751433,False
688,0.0013750000000527507,5.733333333333333,99.99978045751433,False
689,0.0011890000000676082,5.733333333333333,99.99978045751433,False
690,0.0011849999999640204,4.9411764705882355,99.99978045751433,False
691,0.0010419999999840002,5.733333333333333,99.99978045751433,False
692,0.0011739999999917927,4.9411764705882355,99.99978045751433,False
693,0.0011650000000145155,5.3125,99.99978045751433,False
694,0.0029839999999694555,-0.9285714285714286,99.99978045751433,False
695,0.001999000000068918,-0.9230769230769231,99.99978045751433,False
696,0.00105400000006739,5.733333333333333,99.99978045751433,False
697,0.0016499999999268766,5.733333333333333,99.99978045751433,False
698,0.0032089999999698193,-3.0638297872340425,99.99978045751433,False
699,0.001040999999986525,5.733333333333333,99.99978045751433,False
700,0.0010419999999840002,5.733333333333333,99.99978045751433,False
701,0.001698000000033062,5.733333333333333,99.99978045751433,False
702,0.0015529999999444044,4.611111111111111,99.99978045751433,False
703,0.001213000000007014,4.9411764705882355,99.99978045751433,False
704,0.001092000000085136,5.733333333333333,99.99978045751433,False
705,0.0012619999999969878,4.9411764705882355,99.99978045751433,False
706,0.001458999999954358,4.9411764705882355,99.99978045751433,False
707,0.0010509999999612774,5.733333333333333,99.99978045751433,False
708,0.0050710000000435684,-0.9696969696969697,99.99978045751433,False
709,0.001205000000027212,5.733333333333333,99.99978045751433,False
710,0.0016630000000077416,4.9411764705882355,99.99978045751433,False
711,0.0012339999999539941,4.9411764705882355,99.99978045751433,False
712,0.001178999999979169,4.9411764705882355,99.99978045751433,False
713,0.0016870000000608343,5.733333333333333,99.99978045751433,False
714,0.0011019999999462016,5.733333333333333,99.99978045751433,False
715,0.0010480000000825385,5.733333333333333,99.99978045751433,False
716,0.0010379999999940992,5.733333333333333,99.99978045751433,False
717,0.001429999999913889,-0.9047619047619048,99.99978045751433,False
718,0.0017960000000130094,5.733333333333333,99.99978045751433,False
719,0.001312999999981912,5.3125,99.99978045751433,False
720,0.0015029999999569554,5.733333333333333,99.99978045751433,False
721,0.0026320000000623622,-0.9473684210526315,99.99978045751433,False
722,0.0013979999999946813,5.733333333333333,99.99978045751433,False
723,0.0011870000000726577,4.9411764705882355,99.99978045751433,False
724,0.0019539999999551583,-0.9230769230769231,99.99978045751433,False
725,0.0013979999999946813,4.611111111111111,99.99978045751433,False
726,0.0016200000000026193,5.733333333333333,99.99978045751433,False
727,0.0010520000000724394,5.733333333333333,99.99978045751433,False
728,0.0010509999999612774,5.733333333333333,99.99978045751433,False
729,0.0012430000000449581,4.611111111111111,99.99978045751433,False
730,0.0010359999999991487,5.733333333333333,99.99978045751433,False
731,0.0016470000000481377,5.733333333333333,99.99978045751433,False
732,0.0010690000000295186,5.733333333333333,99.99978045751433,False
733,0.0010439999999789507,5.733333333333333,99.99978045751433,False
734,0.0011200000000144428,5.3125,99.99978045751433,False
735,0.004998999999997977,4.611111111111111,99.99978045751433,False
736,0.0011520000000473374,5.733333333333333,99.99978045751433,False
737,0.002529999999978827,4.05,99.99978045751433,False
738,0.004757000000040534,-0.9459459459459459,99.99978045751433,False
739,0.004981000000043423,5.733333333333333,99.99978045751433,False
740,0.0011879999999564461,5.3125,99.99978045751433,False
741,0.00250200000004952,5.733333333333333,99.99978045751433,False
742,0.0025119999999105858,5.733333333333333,99.99978045751433,False
743,0.001090999999973974,5.733333333333333,99.99978045751433,False
744,0.0027659999999514184,5.733333333333333,99.99978045751433,False
745,0.00171100000000024,5.733333333333333,99.99978045751433,False
746,0.002244999999902575,5.733333333333333,99.99978045751433,False
747,0.0012339999999539941,5.733333333333333,99.99978045751433,False
748,0.0011390000000801592,5.733333333333333,99.99978045751433,False
749,0.0010849999999891224,5.733333333333333,99.99978045751433,False
750,0.0011889999999539214,4.9411764705882355,99.99978045751433,False
751,0.001044999999976426,5.733333333333333,99.99978045751433,False
752,0.003973999999971056,4.315789473684211,99.99978045751433,False
753,0.00283999999999196,5.733333333333333,99.99978045751433,False
754,0.001527000000010048,5.733333333333333,99.99978045751433,False
755,0.004594999999994798,5.3125,99.99978045751433,False
756,0.003588000000036118,5.733333333333333,99.99978045751433,False
757,0.003584000000046217,5.733333333333333,99.99978045751433,False
758,0.0016380000000708606,5.733333333333333,99.99978045751433,False
759,0.0022940000000062355,5.733333333333333,99.99978045751433,False
760,0.0024949999999535066,5.733333333333333,99.99978045751433,False
761,0.003734000000008564,5.733333333333333,99.99978045751433,False
762,0.0030140000000073996,5.733333333333333,99.99978045751433,False
763,0.0014360000000124273,5.733333333333333,99.99978045751433,False
764,0.0021090000000185682,5.733333333333333,99.99978045751433,False
765,0.002969000000007327,5.3125,99.99978045751433,False
766,0.0034440000000586224,5.733333333333333,99.99978045751433,False
767,0.0025660000000016225,5.733333333333333,99.99978045751433,False
768,0.0013350000000400541,5.733333333333333,99.99978045751433,False
769,0.0012780000000702785,5.733333333333333,99.99978045751433,False
770,0.0030650000001060107,4.9411764705882355,99.99978045751433,False
771,0.0022839999999177962,4.9411764705882355,99.99978045751433,False
772,0.00527199999999084,5.733333333333333,99.99978045751433,False
773,0.0013920000000098298,5.3125,99.99978045751433,False
774,0.0011150000000270666,5.733333333333333,99.99978045751433,False
775,0.001860999999962587,5.733333333333333,99.99978045751433,False
776,0.0027629999999589927,5.733333333333333,99.99978045751433,False
777,0.0025650000000041473,5.733333333333333,99.99978045751433,False
778,0.003199999999992542,5.733333333333333,99.99978045751433,False
779,0.0013529999999946085,4.9411764705882355,99.99978045751433,False
780,0.0011240000000043437,5.3125,99.99978045751433,False
781,0.0018450000000029831,3.391304347826087,99.99978045751433,False
782,0.0027619999999615175,5.733333333333333,99.99978045751433,False
783,0.002867999999921267,5.733333333333333,99.99978045751433,False
784,0.0023939999999811334,5.733333333333333,99.99978045751433,False
785,0.0016239999999925203,-0.8888888888888888,99.99978045751433,False
786,0.004928000000063548,-0.9636363636363636,99.99978045751433,False
787,0.0031390000000328655,4.9411764705882355,99.99978045751433,False
788,0.0012770000000728032,-0.875,99.99978045751433,False
789,0.00112899999999172,5.733333333333333,99.99978045751433,False
790,0.00151400000004287,5.3125,99.99978045751433,False
791,0.0012820000000601794,5.733333333333333,99.99978045751433,False
792,0.0010489999999663269,5.733333333333333,99.99978045751433,False
793,0.0012490000000298096,5.3125,99.99978045751433,False
794,0.0010469999999713764,5.733333333333333,99.99978045751433,False
795,0.001040999999986525,5.733333333333333,99.99978045751433,False
796,0.0012979999999060965,4.9411764705882355,99.99978045751433,False
797,0.0011490000000549117,5.733333333333333,99.99978045751433,False
798,0.0011570000000347136,5.733333333333333,99.99978045751433,False
799,0.0010599999999385545,5.733333333333333,99.99978045751433,False
800,0.0010510000000749642,5.733333333333333,99.99978045751433,False
801,0.002261999999973341,-0.9354838709677419,99.99978045751433,False
802,0.0011399999999639476,5.733333333333333,99.99978045751433,False
803,0.001245999999923697,5.3125,99.99978045751433,False
804,0.001155000000039763,5.733333333333333,99.99978045751433,False
805,0.0011640000000170403,5.733333333333333,99.99978045751433,False
806,0.0012759999999616412,5.733333333333333,99.99978045751433,False
807,0.0013440000000173313,-0.8823529411764706,99.99978045751433,False
808,0.0012030000000322616,5.3125,99.99978045751433,False
809,0.0021379999999453503,-0.9285714285714286,99.99978045751433,False
810,0.001159000000029664,5.733333333333333,99.99978045751433,False
811,0.0011449999999513238,5.733333333333333,99.99978045751433,False
812,0.0010570000000598156,5.733333333333333,99.99978045751433,False
813,0.0010499999999638021,5.733333333333333,99.99978045751433,False
814,0.001146000000062486,5.3125,99.99978045751433,False
815,0.001099999999951251,5.733333333333333,99.99978045751433,False
816,0.0013280000000577274,5.3125,99.99978045751433,False
817,0.0018659999999499632,-0.9230769230769231,99.99978045751433,False
818,0.0011400000000776345,5.733333333333333,99.99978045751433,False
819,0.0023639999999431893,4.9411764705882355,99.99978045751433,False
820,0.0015620000000353684,4.9411764705882355,99.99978045751433,False
821,0.0020020000000613436,-0.9285714285714286,99.99978045751433,False
822,0.001216999999996915,4.9411764705882355,99.99978045751433,False
823,0.0015339999999923748,4.9411764705882355,99.99978045751433,False
824,0.0031360000000404398,-3.255813953488372,99.99978045751433,False
825,0.002132999999957974,-0.9354838709677419,99.99978045751433,False
826,0.0010429999999814754,5.733333333333333,99.99978045751433,False
827,0.001174999999989268,4.9411764705882355,99.99978045751433,False
828,0.0021740000000818327,-0.9354838709677419,99.99978045751433,False
829,0.0010389999999915744,5.733333333333333,99.99978045751433,False
830,0.0013950000000022555,4.05,99.99978045751433,False
831,0.0010419999999840002,5.733333333333333,99.99978045751433,False
832,0.0010429999999814754,5.733333333333333,99.99978045751433,False
833,0.0014619999999467836,5.733333333333333,99.99978045751433,False
834,0.0011650000000145155,5.733333333333333,99.99978045751433,False
835,0.001142000000072585,5.733333333333333,99.99978045751433,False
836,0.0010529999999562278,5.733333333333333,99.99978045751433,False
837,0.0011769999999842184,4.9411764705882355,99.99978045751433,False
838,0.0010740000000168948,5.733333333333333,99.99978045751433,False
839,0.0010959999999613501,5.733333333333333,99.99978045751433,False
840,0.001044999999976426,5.733333333333333,99.99978045751433,False
841,0.001044999999976426,5.733333333333333,99.99978045751433,False
842,0.0010399999999890497,5.733333333333333,99.99978045751433,False
843,0.001044999999976426,5.733333333333333,99.99978045751433,False
844,0.0010819999999966967,5.733333333333333,99.99978045751433,False
845,0.0015039999999544307,4.9411764705882355,99.99978045751433,False
846,0.001146000000062486,5.733333333333333,99.99978045751433,False
847,0.0012229999999817665,5.733333333333333,99.99978045751433,False
848,0.0014189999999416614,4.611111111111111,99.99978045751433,False
849,0.0013920000000098298,5.733333333333333,99.99978045751433,False
850,0.001086999999984073,5.733333333333333,99.99978045751433,False
851,0.001099999999951251,5.733333333333333,99.99978045751433,False
852,0.0011310000001003573,5.733333333333333,99.99978045751433,False
853,0.0011719999999968422,-0.875,99.99978045751433,False
854,0.001063000000044667,5.733333333333333,99.99978045751433,False
855,0.001266999999984364,5.733333333333333,99.99978045751433,False
856,0.0010529999999562278,5.733333333333333,99.99978045751433,False
857,0.0010379999999940992,5.733333333333333,99.99978045751433,False
858,0.0010520000000724394,5.733333333333333,99.99978045751433,False
859,0.001174999999989268,4.9411764705882355,99.99978045751433,False
860,0.0010359999999991487,5.733333333333333,99.99978045751433,False
861,0.0011650000000145155,5.3125,99.99978045751433,False
862,0.0010949999999638749,5.733333333333333,99.99978045751433,False
863,0.0010509999999612774,5.733333333333333,99.99978045751433,False
864,0.0010379999999940992,5.733333333333333,99.99978045751433,False
865,0.0010989999999537758,5.3125,99.99978045751433,False
866,0.001408999999966909,5.3125,99.99978045751433,False
867,0.001113000000032116,5.733333333333333,99.99978045751433,False
868,0.0010350000000016735,5.733333333333333,99.99978045751433,False
869,0.0010479999999688516,5.733333333333333,99.99978045751433,False
870,0.0010389999999915744,5.733333333333333,99.99978045751433,False
871,0.0010389999999915744,5.733333333333333,99.99978045751433,False
872,0.0012829999999439679,4.9411764705882355,99.99978045751433,False
873,0.007474000000001979,-0.9814814814814815,99.99978045751433,False
874,0.001452000000085718,4.315789473684211,99.99978045751433,False
875,0.002510000000029322,-0.9393939393939394,99.99978045751433,False
876,0.0012189999999918655,4.9411764705882355,99.99978045751433,False
877,0.0014380000000073778,5.733333333333333,99.99978045751433,False
878,0.0011499999999387,5.733333333333333,99.99978045751433,False
879,0.001410000000078071,4.9411764705882355,99.99978045751433,False
880,0.0014039999999795327,5.3125,99.99978045751433,False
881,0.0010780000000067957,5.733333333333333,99.99978045751433,False
882,0.0015409999999747015,-0.8823529411764706,99.99978045751433,False
883,0.0014310000000250511,4.05,99.99978045751433,False
884,0.001191999999946347,4.9411764705882355,99.99978045751433,False
885,0.0021339999999554493,-0.9354838709677419,99.99978045751433,False
886,0.0011259999999992942,5.733333333333333,99.99978045751433,False
887,0.001086999999984073,5.733333333333333,99.99978045751433,False
888,0.0010510000000749642,5.733333333333333,99.99978045751433,False
889,0.0010359999999991487,5.733333333333333,99.99978045751433,False
890,0.001036999999996624,5.733333333333333,99.99978045751433,False
891,0.0010340000000041982,5.733333333333333,99.99978045751433,False
892,0.0011680000000069413,5.3125,99.99978045751433,False
893,0.0013109999999869615,4.315789473684211,99.99978045751433,False
894,0.001496999999972104,5.733333333333333,99.99978045751433,False
895,0.00118299999996907,5.733333333333333,99.99978045751433,False
896,0.0011989999999286738,4.9411764705882355,99.99978045751433,False
897,0.0011890000000676082,5.733333333333333,99.99978045751433,False
898,0.0010559999999486536,5.733333333333333,99.99978045751433,False
899,0.0010839999999916472,5.733333333333333,99.99978045751433,False
900,0.001174999999989268,4.9411764705882355,99.99978045751433,False
901,0.0010350000000016735,5.733333333333333,99.99978045751433,False
902,0.001170999999999367,4.9411764705882355,99.99978045751433,False
903,0.001146000000062486,5.733333333333333,99.99978045751433,False
904,0.0010429999999814754,5.733333333333333,99.99978045751433,False
905,0.0011060000000497894,-0.875,99.99978045751433,False
906,0.0011549999999260763,5.733333333333333,99.99978045751433,False
907,0.0012689999999793145,4.611111111111111,99.99978045751433,False
908,0.0011259999999992942,5.733333333333333,99.99978045751433,False
909,0.001383999999916341,5.733333333333333,99.99978045751433,False
910,0.001205000000027212,5.733333333333333,99.99978045751433,False
911,0.0012739999999666907,5.733333333333333,99.99978045751433,False
912,0.0010529999999562278,5.733333333333333,99.99978045751433,False
913,0.0011180000000194923,5.733333333333333,99.99978045751433,False
914,0.0012560000000121363,5.733333333333333,99.99978045751433,False
915,0.0010939999999663996,5.733333333333333,99.99978045751433,False
916,0.0032929999999851134,-3.108695652173913,99.99978045751433,False
917,0.001053999999953703,5.733333333333333,99.99978045751433,False
918,0.0013020000000096843,4.9411764705882355,99.99978045751433,False
919,0.0010519999999587526,5.733333333333333,99.99978045751433,False
920,0.0010530000000699147,5.733333333333333,99.99978045751433,False
921,0.0010399999999890497,5.733333333333333,99.99978045751433,False
922,0.0010459999999739011,5.733333333333333,99.99978045751433,False
923,0.001071000000024469,5.733333333333333,99.99978045751433,False
924,0.0018670000000611253,-0.9259259259259259,99.99978045751433,False
925,0.0021859999999378488,-0.9375,99.99978045751433,False
926,0.001044999999976426,5.733333333333333,99.99978045751433,False
927,0.0010350000000016735,5.733333333333333,99.99978045751433,False
928,0.0011809999999741194,5.733333333333333,99.99978045751433,False
929,0.0039800000000695945,-0.9615384615384616,99.99978045751433,False
930,0.0022850000000289583,-0.9333333333333333,99.99978045751433,False
931,0.001170999999999367,5.3125,99.99978045751433,False
932,0.0010399999999890497,5.733333333333333,99.99978045751433,False
933,0.001170999999999367,4.9411764705882355,99.99978045751433,False
934,0.0010300000000142973,5.733333333333333,99.99978045751433,False
935,0.0011620000000220898,4.9411764705882355,99.99978045751433,False
936,0.0013199999999642387,5.3125,99.99978045751433,False
937,0.001228999999966618,5.3125,99.99978045751433,False
938,0.001205000000027212,4.9411764705882355,99.99978045751433,False
939,0.0014179999999441861,4.9411764705882355,99.99978045751433,False
940,0.0011680000000069413,5.733333333333333,99.99978045751433,False
941,0.001213000000007014,5.733333333333333,99.99978045751433,False
942,0.0010930000000826112,5.733333333333333,99.99978045751433,False
943,0.0013569999999845095,5.733333333333333,99.99978045751433,False
944,0.0012259999999741922,4.9411764705882355,99.99978045751433,False
945,0.0011010000000624132,5.733333333333333,99.99978045751433,False
946,0.0012100000000145883,5.733333333333333,99.99978045751433,False
947,0.0011809999999741194,5.733333333333333,99.99978045751433,False
948,0.0018019999999978609,-0.9230769230769231,99.99978045751433,False
949,0.001174999999989268,4.9411764705882355,99.99978045751433,False
950,0.001036999999996624,5.733333333333333,99.99978045751433,False
951,0.001170999999999367,4.9411764705882355,99.99978045751433,False
952,0.0011309999999866704,5.733333333333333,99.99978045751433,False
953,0.0010410000001002118,5.733333333333333,99.99978045751433,False
954,0.001040999999986525,5.733333333333333,99.99978045751433,False
955,0.0013149999999768625,4.315789473684211,99.99978045751433,False
956,0.0010389999999915744,5.733333333333333,99.99978045751433,False
957,0.0012319999999590436,4.9411764705882355,99.99978045751433,False
958,0.001113000000032116,5.3125,99.99978045751433,False
959,0.0010429999999814754,5.733333333333333,99.99978045751433,False
960,0.0010379999999940992,5.733333333333333,99.99978045751433,False
961,0.0010359999999991487,5.733333333333333,99.99978045751433,False
962,0.0010359999999991487,5.733333333333333,99.99978045751433,False
963,0.0013280000000577274,4.9411764705882355,99.99978045751433,False
964,0.0011230000000068685,5.3125,99.99978045751433,False
965,0.0010510000000749642,5.733333333333333,99.99978045751433,False
966,0.001053999999953703,5.733333333333333,99.99978045751433,False
967,0.0010429999999814754,5.733333333333333,99.99978045751433,False
968,0.0011980000000448854,4.9411764705882355,99.99978045751433,False
969,0.0010919999999714491,5.733333333333333,99.99978045751433,False
970,0.0011449999999513238,5.733333333333333,99.99978045751433,False
971,0.0012769999999591164,4.9411764705882355,99.99978045751433,False
972,0.0012359999999489446,4.9411764705882355,99.99978045751433,False
973,0.0015170000000352957,4.315789473684211,99.99978045751433,False
974,0.0013290000000552027,5.733333333333333,99.99978045751433,False
975,0.0034009999999398133,-0.9555555555555556,99.99978045751433,False
976,0.001063000000044667,5.733333333333333,99.99978045751433,False
977,0.0024819999999863285,-0.9354838709677419,99.99978045751433,False
978,0.001308999999992011,5.3125,99.99978045751433,False
979,0.001117000000022017,5.3125,99.99978045751433,False
980,0.0010479999999688516,5.733333333333333,99.99978045751433,False
981,0.0011729999999943175,4.9411764705882355,99.99978045751433,False
982,0.0011570000000347136,5.733333333333333,99.99978045751433,False
983,0.0010469999999713764,5.733333333333333,99.99978045751433,False
984,0.0021150000000034197,-0.9354838709677419,99.99978045751433,False
985,0.001161999999908403,-0.8823529411764706,99.99978045751433,False
986,0.001029000000016822,5.733333333333333,99.99978045751433,False
987,0.0012910000000374566,4.9411764705882355,99.99978045751433,False
988,0.0011410000000751097,5.733333333333333,99.99978045751433,False
989,0.0010440000000926375,5.733333333333333,99.99978045751433,False
990,0.0010429999999814754,5.733333333333333,99.99978045751433,False
991,0.00102799999990566,5.733333333333333,99.99978045751433,False
992,0.0010949999999638749,-0.875,99.99978045751433,False
993,0.0011519999999336505,5.733333333333333,99.99978045751433,False
994,0.001067000000034568,5.733333333333333,99.99978045751433,False
995,0.001040999999986525,5.733333333333333,99.99978045751433,False
996,0.001680999999962296,5.733333333333333,99.99978045751433,False
997,0.001053999999953703,5.733333333333333,99.99978045751433,False
998,0.0012000000000398359,5.733333333333333,99.99978045751433,False
999,0.0011739999999917927,5.733333333333333,99.99978045751433,False
1000,0.0011660000000119908,5.733333333333333,99.99978045751433,False
